Feature	Gain	Cover	Frequency
ctrx_quarter	0.0962152793639588	0.00710983238409852	0.00578592092574735
ctrx_quarter_normalizado	0.0810752509382354	0.00609482810895215	0.00476225799273051
mcaja_ahorro	0.0684870714558009	0.00674007170053211	0.00664639121726875
mtarjeta_visa_consumo	0.0426916307710984	0.00604607129647061	0.00511831466508419
mcuentas_saldo	0.0364030584314865	0.0141193805986813	0.0126251761738743
mpasivos_margen	0.0226432949691736	0.00552791282905609	0.00511831466508419
mcuenta_corriente	0.0213312685321391	0.00857441954079871	0.00934648764928418
ctarjeta_visa_trx	0.0197655864829164	0.00430036505755707	0.00498479341295156
mv_status01	0.0185014212601274	0.00289680865487616	0.00120169126919368
mprestamos_personales	0.0183580230517039	0.0158618765853425	0.00695794080557822
cpayroll_trx	0.0172193154228514	0.00581715455721539	0.00243305392775017
mdescubierto_preacordado	0.0164601116889373	0.0124106868066939	0.00494028632890735
mpayroll	0.0160072718857995	0.00697545067878857	0.00382760922780209
foto_mes	0.0153266880282516	0.0296235876449004	0.0189600178028336
mv_status07	0.0125950438519237	0.000733536396878214	0.000459906535123507
mpayroll_sobre_edad	0.0111121084627938	0.00733632205370763	0.00390178770120911
mv_status06	0.0109048691157437	0.000524847046501986	0.000326385282990876
mdescubierto_preacordado_mean6	0.010789895946775	0.0113030995938991	0.00627549885023366
mcuenta_corriente_lag1	0.00924275333223014	0.00479074953053509	0.00661671982790594
Visa_status_mean6	0.00917578443927957	0.00357643802850645	0.00154291224686596
mpasivos_margen_mean6	0.0091515008522135	0.00251600846662208	0.00467324382464209
ctrx_quarter_lag1	0.00906455837870461	0.00122312245415874	0.00241821823306876
mcaja_ahorro_mean6	0.00899091362649528	0.00439425501530087	0.00583042800979156
cproductos_delta1	0.00817673116103562	0.00333650804251764	0.00167643349899859
mcaja_ahorro_lag1	0.00815734241734061	0.004053268006478	0.00510347897040279
mprestamos_personales_mean6	0.00764721336277074	0.00701595800723343	0.00495512202358875
mcuenta_corriente_mean6	0.0075596170070518	0.00807025506741793	0.0106371930865663
Master_status	0.0075567116649597	0.000305965123487811	0.000207699725539648
ctrx_quarter_normalizado_mean6	0.0073379647185323	0.00204695136473677	0.00262591795860841
Master_status_mean6	0.00726700195324223	0.000400431608522515	0.000267042504265262
Visa_status	0.00689313397267138	0.00281599460179979	0.00109784140642386
mv_Finiciomora_mean6	0.00597387267508999	0.00668005154734647	0.00313033157777613
mactivos_margen	0.00573481618504712	0.00790535678523157	0.00827831763222313
ctrx_quarter_normalizado_lag1	0.00548121185707572	0.00132861359335609	0.00268526073733403
mcuenta_corriente_delta1	0.00540121994797981	0.00354327962322051	0.00397596617461613
mprestamos_personales_lag1	0.00494885439051925	0.00194502254304881	0.00148356946814035
mcaja_ahorro_dolares_delta1	0.00476251412193194	0.00882372855497297	0.00462873674059788
mv_status04	0.00453355061505736	0.00101203945651239	0.000504413619167718
ccaja_ahorro	0.00452330194204948	0.0148618259194203	0.00489577924486314
mv_status01_mean6	0.00447062133087061	0.00699435073678395	0.00307098879905052
cprestamos_personales_mean6	0.00439328082648118	0.00549276059297685	0.00379793783843929
ccomisiones_mantenimiento_delta1	0.00422449200830662	0.00522364042196906	0.00200281878198947
ctrx_quarter_delta1	0.00419895554986977	0.00363307716579141	0.00608263481937542
cprestamos_personales	0.00396517938427412	0.0026059027984462	0.00158741933091017
mv_msaldopesos	0.00385166784732747	0.00139107406689048	0.00188413322453824
ctrx_quarter_normalizado_delta1	0.00376573341292386	0.00390341487117816	0.00489577924486314
mv_status02_mean6	0.00363480991088651	0.00138580317387162	0.000845634596839997
mv_mpagospesos	0.00337341623802264	0.000805809589574568	0.00137971960537052
mactivos_margen_mean6	0.00336431852551288	0.00399228239527248	0.00528150730657963
mrentabilidad_mean6	0.00331918981289484	0.00319843770328879	0.00449521548846525
Visa_msaldopesos	0.00318562117956161	0.00300068880772845	0.00357540241821823
mv_msaldototal	0.0031752744857769	0.00102416204094268	0.00145389807877754
cpayroll_trx_lag1	0.00308540654675245	0.000991987665527583	0.000682441955344559
Visa_delinquency	0.00303778192785236	0.00553732785324481	0.00160225502559157
mv_status06_mean6	0.00301333755340842	0.000876145779950409	0.000356056672353683
mprestamos_personales_delta1	0.0029969199940273	0.00945966900559367	0.00442103701505823
mrentabilidad_annual_delta1	0.00299393156981484	0.0083845773499435	0.0100882723833544
Visa_Finiciomora_mean6	0.00293307198006361	0.00565420120690389	0.00255173948520139
cproductos	0.00282383086728461	0.00514100309307525	0.00586009939915437
thomebanking_mean6	0.002764156279531	0.00322790636173591	0.00476225799273051
mv_status02	0.00260436261517119	0.00287534084720261	0.00103849862769824
mcomisiones_mantenimiento	0.00256384821727732	0.00543673269217242	0.0055633855055263
mcuentas_saldo_mean6	0.00253796619151195	0.0025670619632268	0.00448037979378384
cliente_edad_mean6	0.00247858473182488	0.00585956257896878	0.0089904309769305
cliente_edad_lag1	0.00246960799055055	0.0061930779652129	0.00861953860989541
mtransferencias_recibidas	0.00245985474409474	0.00629400348960412	0.00485127216081893
ccomisiones_mantenimiento_mean6	0.0024596198916773	0.00830498270929844	0.00646836288109191
mpayroll_sobre_edad_mean6	0.00240022584797358	0.00217513584509848	0.00209183295007789
mv_mpagominimo	0.00231598843985403	0.00232715701793591	0.00228469698093613
mcaja_ahorro_delta1	0.00230908302037031	0.00853907577815911	0.00523700022253542
mcomisiones_otras_mean6	0.00227570532365042	0.0021460968432932	0.00415399451079297
mcuentas_saldo_delta1	0.00224321523504894	0.00766614564116686	0.00664639121726875
mcuentas_saldo_lag1	0.00215709603047208	0.00400651542363514	0.00586009939915437
cliente_edad	0.00213332313882092	0.00501828263211512	0.00759587567687857
ctarjeta_master_mean6	0.00210681983115139	5.87343481260888e-05	0.000103849862769824
mtransferencias_emitidas_mean6	0.00203865238909195	0.00341515520575507	0.00495512202358875
mv_mpagominimo_delta1	0.00201362465949982	0.0028543376835905	0.00158741933091017
cpayroll_trx_mean6	0.00200796780113998	0.00180496452886489	0.00158741933091017
Visa_mpagospesos	0.001984151553305	0.00257722806923819	0.00293746754691788
sb_call_hombk	0.00191541033746409	0.0031134055098687	0.00197314739262666
mrentabilidad_annual_mean6	0.00190591897369689	0.00437985296222723	0.00618648468214524
mcomisiones_mean6	0.00188312652587464	0.00219192156394181	0.00406498034270455
Visa_msaldototal	0.00186365233979849	0.00184571763871561	0.00265558934797122
thomebanking	0.00177537756288174	0.00316424442160372	0.00277427490542245
mcomisiones	0.00170465633998683	0.00362350010741988	0.00498479341295156
mcuenta_debitos_automaticos	0.00169290304281209	0.00536229695698052	0.00348638825012981
mtarjeta_visa_debitos_automaticos_mean6	0.001658543647393	0.00347602295178663	0.00488094355018174
mpayroll_sobre_edad_lag1	0.00165679195976829	0.00106856897118644	0.000904977375565611
Visa_mpagominimo	0.00163430197749549	0.00273037736029576	0.00379793783843929
mrentabilidad	0.00160786065163015	0.00435148230360525	0.00510347897040279
mv_msaldopesos_mean6	0.00160214947120885	0.00305967078053399	0.00250723240115718
mvr_mpagominimo_mean6	0.00160182777336423	0.00325668295789421	0.0034270454714042
mv_mfinanciacion_limite_delta1	0.00155055096165021	0.00264292717448258	0.000964320154291225
chomebanking_trx_delta1	0.0015494771502746	0.00662558340379261	0.00397596617461613
mcomisiones_mantenimiento_mean6	0.00154484584469879	0.00159049390735591	0.00305615310436911
ctarjeta_visa_debitos_automaticos_mean6	0.00151465168905566	0.004923089097372	0.00492545063422595
tmobile_app	0.00149432177910573	0.00211268017103119	0.00324901713522736
ccomisiones_mantenimiento	0.00146369041831424	0.00501992029375922	0.00247756101179438
Visa_mpagospesos_mean6	0.00144910368485315	0.00409650598825252	0.00434685854165121
mrentabilidad_annual	0.00144480496153044	0.00228595727941476	0.00410948742674876
mactivos_margen_lag1	0.00143248260594033	0.00342137187202295	0.00526667161189823
Visa_fechaalta_lag1	0.00141982354755817	0.00175230571485089	0.00330835991395297
ccaja_ahorro_mean6	0.00141873255662059	0.012830374364131	0.00412432312143016
ctransferencias_recibidas_mean6	0.00141316809652722	0.00295559339740682	0.00526667161189823
mcomisiones_otras	0.00135597974158138	0.00377365797410194	0.00434685854165121
Visa_delinquency_mean6	0.00132741814006577	0.00178688556231013	0.00121652696387508
Visa_cconsumos_mean6	0.00132483273258669	0.00286847771358338	0.00440620132037683
Visa_fultimo_cierre_mean6	0.00129785252177853	0.00321898985610832	0.00467324382464209
cplazo_fijo	0.00128665910429846	0.00574507174338074	0.00152807655218456
ccaja_seguridad	0.00128469619351255	0.0064189550767491	0.00183962614049403
cprestamos_personales_delta1	0.00127106570315112	0.00228575031109069	0.000623099176618945
mautoservicio	0.00126670404911955	0.00287783458770692	0.00194347600326385
mvr_msaldototal	0.00126431887563776	0.00178988568137242	0.00180995475113122
mrentabilidad_annual_lag1	0.00125815669284356	0.00228033658175743	0.00480676507677472
mpayroll_lag1	0.00123350016945827	0.00131302401996225	0.00103849862769824
mcaja_ahorro_dolares_mean6	0.0012286784979621	0.00237913743770871	0.00425784437356279
Visa_fechaalta_mean6	0.00122502344992894	0.00287852070282999	0.0038721163118463
chomebanking_trx	0.0012000010774937	0.00433152980594345	0.00364958089162525
chomebanking_trx_mean6	0.00118288977396462	0.00165026657497709	0.0038721163118463
Visa_mpagominimo_mean6	0.001180067726563	0.00236271265270292	0.00336770269267858
ccallcenter_trx	0.00114625578834462	0.00228047806170069	0.0012907054372821
mv_status01_delta1	0.00113202265856165	0.00106379464911887	0.000489577924486314
mactivos_margen_delta1	0.00110993568291274	0.00266477034917373	0.00415399451079297
sb_call_hombk_mean6	0.00110303549363022	0.0052017364192492	0.00409465173206735
mv_fultimo_cierre_mean6	0.00110278971620893	0.00260926312099235	0.004302351457607
mv_status03_mean6	0.00109508083823117	0.000204415807488356	0.000415399451079297
Master_fultimo_cierre_mean6	0.00109216816019416	0.00229380117370261	0.00458422965655367
mvr_msaldopesos	0.0010901795447738	0.00204892964943011	0.00186929752985684
tcallcenter	0.00108511372314901	0.00131109084330392	0.000845634596839997
mpagomiscuentas	0.00107430742526824	0.00448751057391856	0.00264075365328982
cliente_antiguedad_mean6	0.00105274678611343	0.00274398138023812	0.00504413619167718
ctransferencias_emitidas_mean6	0.00105121121810736	0.00177218997661085	0.00329352421927157
ctarjeta_visa_trx_mean6	0.00103833548052088	0.0012568487616063	0.00207699725539648
numero_de_cliente	0.00103474492101393	0.0024475907067158	0.00488094355018174
cproductos_mean6	0.00103266945194922	0.00236914672091901	0.00402047325866034
mv_cconsumos_mean6	0.00101327131308687	0.00303206438487983	0.00390178770120911
tcallcenter_mean6	0.00100046228025921	0.00426671380264578	0.00246272531711297
mv_mpagominimo_mean6	0.000998017671119165	0.00144555093990986	0.0021511757288035
ctarjeta_visa	0.00099004323740441	0.000171528919881136	0.000133521252132631
internet	0.000982951871005483	0.00138818979583482	0.0021363400341221
mvr_mpagominimo	0.000976635728452038	0.00214695055719861	0.00222535420221052
tmobile_app_delta1	0.000972617701256675	0.00119212033119386	0.00289296046287367
mv_fechaalta	0.000965005388625078	0.00221309510863603	0.00381277353312069
Visa_mfinanciacion_limite	0.000956892878585367	0.00201200394069929	0.00310066018841332
mpayroll_mean6	0.000947946688284602	0.00272029691433851	0.00206216156071508
Visa_Fvencimiento	0.000945229002103042	0.0021493372487193	0.00431718715228841
ccomisiones_otras_mean6	0.000939479588102207	0.00569326313061869	0.00464357243527928
mv_mconsumospesos	0.00092380665473423	0.000415886031705071	0.000845634596839997
mcaja_ahorro_dolares	0.00091101489291289	0.00502492704219375	0.00327868852459016
mv_fechaalta_mean6	0.000902973890525319	0.00284820024330855	0.00405014464802314
Master_mfinanciacion_limite	0.00089262151858772	0.00241881338020381	0.00351605963949262
mv_Fvencimiento	0.000889291021919333	0.00222488583426136	0.00419850159483718
Master_Fvencimiento	0.00088620777272285	0.00320403541219428	0.00448037979378384
mvr_mpagominimo_delta1	0.000881056272231048	0.0038029483914701	0.00221051850752912
Master_fechaalta	0.000874979941769886	0.00163771572505483	0.00422817298419999
mpasivos_margen_lag1	0.000873269673236179	0.0022353942674806	0.00338253838735999
mv_fechaalta_lag1	0.000870752580579407	0.00265189710026573	0.00366441658630665
cliente_antiguedad_lag1	0.00086201519840596	0.00227387239514634	0.00397596617461613
mrentabilidad_delta1	0.000844879116878323	0.00257657881958707	0.00367925228098806
mv_status05_mean6	0.000843507194264432	0.000490349242107193	0.000474742229804911
cliente_antiguedad	0.000843275419883552	0.00205758030631476	0.00388695200652771
ctarjeta_debito_trx	0.000838875969540273	0.000786515870940605	0.000756620428751576
mcomisiones_mantenimiento_lag1	0.000837527802786103	0.00529098400549199	0.00296713893628069
Master_fechaalta_mean6	0.000834683013701893	0.00258390711894895	0.00409465173206735
ctrx_quarter_mean6	0.000832590815690942	0.00193358092648701	0.00274460351605964
mv_mlimitecompra_mean6	0.000829458175542561	0.00124482383589791	0.00225502559157333
mv_status07_mean6	0.000829273699610682	0.000157636897133928	0.000237371114902455
mrentabilidad_lag1	0.000824076515594471	0.00193846212364446	0.00397596617461613
mpayroll_sobre_edad_delta1	0.000821176456319571	0.00628865608334161	0.00305615310436911
ctarjeta_debito_trx_mean6	0.000819443827548436	0.00161494068861351	0.00293746754691788
mpayroll_delta1	0.000810297832740222	0.00450282699503256	0.00261108226392701
ccajas_extracciones_mean6	0.000786336693695514	0.00423672593228299	0.00267042504265262
Master_Fvencimiento_mean6	0.0007808249915229	0.00149630026159232	0.00359023811289964
Master_mfinanciacion_limite_lag1	0.000768518933870245	0.0061663981797181	0.00361990950226244
Visa_mconsumospesos	0.000756466000463417	0.00124886070941167	0.00246272531711297
mtransferencias_recibidas_mean6	0.000746444005883302	0.00210787086154403	0.00336770269267858
mpasivos_margen_delta1	0.000737068851289144	0.00170715917977101	0.00302648171500631
Visa_mlimitecompra	0.000733678410717312	0.00186751539236303	0.00268526073733403
Visa_mfinanciacion_limite_mean6	0.000732781012282546	0.00171695315318828	0.00264075365328982
Master_fechaalta_lag1	0.000731814142901554	0.00175406426741997	0.00394629478525332
mdescubierto_preacordado_lag1	0.000730483166619178	0.00296911787835452	0.00169126919367999
mv_mpagospesos_mean6	0.000725475321548874	0.00240341985460745	0.00271493212669683
Visa_mconsumospesos_mean6	0.000724054356034234	0.00142552418962298	0.0034122097767228
mv_msaldototal_mean6	0.00070979714281494	0.00207102410056916	0.00200281878198947
mvr_msaldototal_lag1	0.00070196463621961	0.00161353566200885	0.00155774794154736
ccajas_trx_mean6	0.000701542736444593	0.00270209632650509	0.00317483866182034
mvr_msaldopesos2	0.000698128876982817	0.00148378067776372	0.00287812476819227
ctarjeta_debito_mean6	0.00069335142107746	0.00231636778111248	0.00320451005118315
Visa_mfinanciacion_limite_lag1	0.000692147546400645	0.00132472105164285	0.00235887545434315
Master_mlimitecompra	0.000685003479760908	0.00137948060631878	0.00284845337882946
mtarjeta_visa_consumo_mean6	0.000683426719311052	0.000557646778568939	0.0012907054372821
Visa_fechaalta	0.000676000368623897	0.00263399338381767	0.00324901713522736
Visa_mlimitecompra_mean6	0.000672450406270117	0.00126333409369563	0.00224018989689192
Visa_Fvencimiento_mean6	0.000670897203801356	0.0015732042444669	0.00361990950226244
mvr_msaldopesos_lag1	0.00066527193894449	0.00214891378269444	0.00149840516282175
cproductos_lag1	0.000664169793800625	0.00172753023965432	0.00240338253838736
Visa_mpagominimo_delta1	0.000650296892624913	0.0019592262877064	0.00201765447667087
Visa_Fvencimiento_lag1	0.000647383048688833	0.00148679262160003	0.00314516727245753
mtarjeta_visa_debitos_automaticos	0.000646755934756043	0.00246530296616099	0.00238854684370596
Visa_mpagominimo_lag1	0.000646713338348441	0.00102604798806243	0.00194347600326385
mcaja_ahorro_dolares_lag1	0.000646285507739732	0.0017930776400038	0.00249239670647578
cmobile_app_trx_mean6	0.000634412992617339	0.00174161851887149	0.0034122097767228
mvr_mpagominimo_lag1	0.000630698659751317	0.00150940948429948	0.00161709072027298
Master_Fvencimiento_lag1	0.000630366595457483	0.00146203846577544	0.00320451005118315
Master_mfinanciacion_limite_mean6	0.000630199196035222	0.00155418972961476	0.00272976782137824
mv_mfinanciacion_limite_mean6	0.000623950991144691	0.00116218991532131	0.00218084711816631
Visa_mlimitecompra_lag1	0.000621525984046582	0.000961809138073117	0.00198798308730806
mv_Fvencimiento_lag1	0.000609961451964421	0.00137721306678569	0.00316000296713894
Visa_mpagado_mean6	0.000595850397280318	0.00197031117865905	0.00185446183517543
mv_mpagominimo_lag1	0.000587087400454998	0.000977350473344711	0.00132037682664491
mcomisiones_delta1	0.000583342068934094	0.00326004091548556	0.00295230324159929
mcomisiones_otras_delta1	0.000581492374725005	0.00271961605080626	0.00278911060010385
sb_call_hombk_delta1	0.000580328869754453	0.000727242069668031	0.000504413619167718
ccallcenter_trx_mean6	0.000577383619406414	0.00128432967554087	0.00185446183517543
mv_mconsumototal	0.000567969877099541	0.000246552728907988	0.000593427787256138
ccaja_seguridad_lag1	0.000563810722218843	0.00132739845871067	0.000474742229804911
Visa_cconsumos	0.000562691052209985	0.00131917850183029	0.0021511757288035
Visa_msaldopesos_lag1	0.000562660467773076	0.000773127514009102	0.00149840516282175
mvr_mpagospesos	0.000552513061856649	0.00161177342289259	0.00210666864475929
mv_status05	0.000551435916170952	0.000325732319984983	0.00034122097767228
mtransferencias_emitidas	0.000550965727071475	0.00251628130589319	0.00262591795860841
mv_Fvencimiento_mean6	0.000547333969316538	0.00117784862886441	0.00287812476819227
mtransferencias_recibidas_lag1	0.000545590538658746	0.00220936414898188	0.0025814108745642
ccajas_consultas	0.000545520380259819	0.00373741799792796	0.00103849862769824
Master_mpagominimo_mean6	0.000543955126704371	0.00112437640951291	0.00175061197240561
Visa_mconsumototal_mean6	0.000543635780734842	0.00100758224706101	0.00267042504265262
ccomisiones_otras	0.00054214626514895	0.00179410966454566	0.00224018989689192
mcomisiones_otras_lag1	0.00053795604858161	0.00107267668900807	0.00250723240115718
mvr_msaldopesos2_mean6	0.000530100342298595	0.00121034369910665	0.00268526073733403
Visa_mconsumototal	0.000516843496426969	0.000845279989674223	0.00188413322453824
ccaja_seguridad_mean6	0.000511794120869201	0.000866325826809042	0.000370892367035086
Visa_msaldototal_mean6	0.000511068251893346	0.00126782952499009	0.00228469698093613
mtarjeta_master_consumo	0.00050571198007007	0.00169964293605972	0.000890141680884207
mv_cconsumos_delta1	0.000503618321147767	0.00308520571923129	0.00111267710110526
cprestamos_personales_lag1	0.000499643328351746	0.00025747057753825	0.000252206809583859
ccaja_ahorro_lag1	0.000499639488996511	0.0017850819364848	0.000875305986202804
internet_mean6	0.000493393469785428	0.00177190510389324	0.00203249017135227
Master_mlimitecompra_mean6	0.000492647048490934	0.00105552968853972	0.00225502559157333
mtransferencias_emitidas_lag1	0.000490665272159515	0.00121088468251801	0.00206216156071508
Visa_delinquency_lag1	0.000484104932310915	0.00211543767355362	0.00100882723833544
internet_delta1	0.000483438964996328	0.000461129390816923	0.000919813070247014
Visa_fultimo_cierre	0.000480225183022175	0.000959119210656333	0.00219568281284771
mtarjeta_visa_debitos_automaticos_delta1	0.000474967236346863	0.00272122825440747	0.00123136265855649
mcomisiones_lag1	0.000474644965546971	0.000982743404987193	0.00229953267561754
Master_msaldototal	0.000474025159938502	0.00125968667259205	0.00136488391068912
mforex_sell_mean6	0.000471641156973408	0.00290195072741571	0.00218084711816631
tmobile_app_mean6	0.000467458016729199	0.0011601468378221	0.00246272531711297
Master_msaldototal_mean6	0.000463989907006724	0.00101437220619631	0.00185446183517543
Visa_mpagospesos_lag1	0.000458395548772872	0.00119748707443977	0.00225502559157333
mtarjeta_visa_consumo_lag1	0.000450883277069063	0.00191195000648949	0.0021511757288035
Master_mlimitecompra_lag1	0.000449967870511634	0.000936606023402029	0.00200281878198947
Visa_msaldopesos_mean6	0.000449229730041428	0.00142641424731912	0.00198798308730806
mautoservicio_mean6	0.000447314490548646	0.00160290581618344	0.00246272531711297
mvr_mconsumosdolares_mean6	0.000430530419944377	0.000885409725261666	0.0017357762777242
ctarjeta_visa_trx_lag1	0.000429061330194416	0.00108681598864726	0.00222535420221052
ccajas_consultas_mean6	0.00042716308020678	0.00454355009082452	0.00206216156071508
Visa_msaldopesos_delta1	0.000425280939077078	0.00140966368978912	0.00163192641495438
Visa_mconsumosdolares_mean6	0.000425106483846991	0.000997560542407633	0.00234403975966175
chomebanking_trx_lag1	0.000415815400736774	0.000748252502038287	0.0021511757288035
Visa_cconsumos_lag1	0.000410860734512871	0.00145919874629483	0.00194347600326385
ctransferencias_recibidas	0.000403265595861553	0.00260434248473567	0.00176544766708701
cextraccion_autoservicio_mean6	0.000402773313413937	0.00113225250892058	0.00206216156071508
mvr_msaldototal_mean6	0.000391884310664094	0.000877497525514488	0.0017209405830428
Visa_mconsumospesos_lag1	0.000380077532033265	0.00106938905404339	0.00189896891921964
mvr_msaldopesos2_lag1	0.000371715426385983	0.000780167080212442	0.00178028336176841
mvr_mpagospesos_mean6	0.000369494634939182	0.000888783611519193	0.00176544766708701
mvr_Visa_mlimitecompra_mean6	0.000363623496489	0.000789709185943116	0.00185446183517543
mv_mfinanciacion_limite	0.000362290893606301	0.000694741991286213	0.00140939099473333
Master_msaldopesos_mean6	0.000359161973529413	0.000701415998078638	0.00139455530005192
mv_mlimitecompra	0.000357931850078158	0.000746975182993032	0.00143906238409614
mv_cconsumos_lag1	0.000352703417315297	0.00201046532892697	0.0017209405830428
ctarjeta_visa_descuentos_mean6	0.000346721905652049	0.00623614073165946	0.00180995475113122
mvr_msaldopesos_mean6	0.000337509659674271	0.000839560416038847	0.00145389807877754
Master_msaldopesos	0.000336715409902898	0.00324497938780915	0.00158741933091017
mtarjeta_visa_debitos_automaticos_lag1	0.000335399272315806	0.0010803521150449	0.0017209405830428
ccomisiones_otras_lag1	0.000328206438779477	0.000919491680177217	0.00183962614049403
mcuenta_debitos_automaticos_mean6	0.000324942337684781	0.0012911753154503	0.00180995475113122
Visa_msaldototal_delta1	0.000323567878914706	0.000821331448747778	0.00123136265855649
Visa_mpagado	0.000323379769342054	0.00207969524213586	0.00118685557451228
mpagomiscuentas_mean6	0.00032216202970697	0.0008276692841706	0.00160225502559157
Master_mpagominimo	0.000322002987964412	0.000872877029845408	0.00106817001706105
mpagomiscuentas_lag1	0.000320234655369041	0.00112378280585717	0.00115718418514947
Visa_mconsumospesos_delta1	0.00031896611906578	0.00095596543908929	0.00163192641495438
Visa_mpagospesos_delta1	0.000315346674162373	0.000891839133125639	0.00175061197240561
mvr_Visa_mlimitecompra	0.000314552443082792	0.000626213043725402	0.00142422668941473
Master_fultimo_cierre	0.000313360121559891	0.000705097502354388	0.0017357762777242
mvr_mconsumospesos_mean6	0.000312468599249462	0.00080965917953512	0.00149840516282175
mvr_mconsumospesos	0.000312295382447957	0.000580266736576882	0.00117201987983087
Visa_msaldototal_lag1	0.000309576686440098	0.000567797755825337	0.00132037682664491
mvr_Master_mlimitecompra	0.000309247257614887	0.000803598356833061	0.00151324085750315
Master_cconsumos_mean6	0.000308025221300982	0.00101438333539539	0.00149840516282175
mv_mconsumospesos_mean6	0.000307435354407216	0.000871144978681637	0.00155774794154736
catm_trx_mean6	0.000306040142167584	0.000876890497262361	0.00164676210963578
ccallcenter_trx_delta1	0.000299959663079328	0.000383861726583772	0.000281878198946666
mv_mfinanciacion_limite_lag1	0.0002994452944007	0.000580533315673511	0.00133521252132631
Visa_mconsumototal_lag1	0.000297658699235926	0.000759806836519482	0.00145389807877754
ccuenta_debitos_automaticos	0.000296439545622753	0.000896038492945916	0.000993991543654032
ccajas_trx_delta1	0.000292157424861909	0.00188206577679311	0.000756620428751576
cmobile_app_trx_lag1	0.000290425117890208	0.000712179324735473	0.00160225502559157
mv_mconsumosdolares_mean6	0.000286628969453352	0.000902364364479731	0.00136488391068912
Visa_fechaalta_delta1	0.000285653477221769	0.000294932887558291	0.00034122097767228
ctarjeta_master	0.000285450619270972	0.000194457887057188	0.000178028336176841
mvr_mconsumototal	0.000283326739443059	0.000471967387443811	0.000964320154291225
Master_mpagospesos_mean6	0.000282622321563613	0.0012302702518231	0.00161709072027298
Master_mlimitecompra_delta1	0.000280009899798095	0.00141926203275387	0.0008604702915214
mtarjeta_visa_consumo_delta1	0.000278691633412563	0.000678561074855192	0.000979155848972628
mv_mlimitecompra_lag1	0.000278640765032339	0.000566773486944083	0.00123136265855649
mcomisiones_mantenimiento_delta1	0.000273482873498452	0.000670235181911094	0.000578592092574735
mtransferencias_recibidas_delta1	0.000271116309625979	0.0019185989030265	0.00151324085750315
mv_fultimo_cierre	0.000268875257975378	0.000785965010365067	0.00142422668941473
Master_mconsumospesos_mean6	0.000268268848524465	0.00093316877026726	0.00139455530005192
Master_mpagominimo_delta1	0.00026760055705036	0.00155326691033884	0.000726949039388769
matm_mean6	0.000266887765787143	0.000734845677592066	0.00145389807877754
mvr_Master_mlimitecompra_mean6	0.000265517471725821	0.000992672319943269	0.00154291224686596
mextraccion_autoservicio_mean6	0.000262893679365824	0.000706178043248473	0.00145389807877754
Visa_mconsumosdolares	0.000261096370051347	0.000871139622754582	0.00145389807877754
mcuenta_debitos_automaticos_lag1	0.000260430005176504	0.000670658126254747	0.00105333432237965
cmobile_app_trx	0.000257757172170947	0.000814738163427404	0.0012907054372821
Master_fultimo_cierre_lag1	0.000257463716665283	0.000621755069141585	0.00135004821600771
ccajas_depositos_mean6	0.000255779925115509	0.00404258185386102	0.00140939099473333
mvr_Master_mlimitecompra_lag1	0.000252578394742489	0.000946428063268224	0.0012907054372821
Master_mfinanciacion_limite_delta1	0.00025226626489802	0.0018099221697085	0.000845634596839997
mtransferencias_emitidas_delta1	0.000245117279756483	0.00162875473740969	0.00126103404791929
Visa_fultimo_cierre_lag1	0.000244279319845226	0.000576264433137753	0.00118685557451228
ccuenta_debitos_automaticos_mean6	0.000244130734981069	0.00269591909933644	0.00154291224686596
Visa_cconsumos_delta1	0.000243885706800993	0.000582729106651299	0.00102366293301684
mv_msaldopesos_lag1	0.000243330401609018	0.000574488595531366	0.000875305986202804
ccuenta_debitos_automaticos_delta1	0.000243223697857784	0.00455510324282831	0.00118685557451228
mvr_mpagado_mean6	0.000240352868332364	0.00092440967324911	0.000964320154291225
ctarjeta_visa_trx_delta1	0.000239526481139208	0.00122318366475366	0.00081596320747719
mvr_mpagospesos_lag1	0.000235896692402071	0.000821779259895618	0.00132037682664491
mplazo_fijo_dolares	0.000234955339346577	0.000703407011793419	0.000222535420221052
Visa_madelantodolares_mean6	0.000234070725524882	4.13839267658666e-06	1.48356946814035e-05
cpagomiscuentas_mean6	0.000233161597260138	0.000599186757573106	0.0012758697426007
ctarjeta_visa_mean6	0.000230937465757849	0.00070614517733245	0.000400563756397893
ctarjeta_debito_trx_lag1	0.000230422728303191	0.000870463245680709	0.0012907054372821
Visa_mconsumototal_delta1	0.000225821492412822	0.000611004193276218	0.00111267710110526
ctransferencias_recibidas_lag1	0.000224273767191355	0.000616517320268726	0.00109784140642386
Master_mpagominimo_lag1	0.000221506168737461	0.00051398334838098	0.000786291818114383
mvr_msaldopesos_delta1	0.000220488552747575	0.000790796508692888	0.0008604702915214
cforex_sell_mean6	0.000216303949815423	0.000762636609278411	0.000993991543654032
Visa_mconsumosdolares_lag1	0.000213458415647882	0.000621800038061604	0.00120169126919368
mvr_mconsumototal_mean6	0.000211915920567925	0.000381376889438719	0.00102366293301684
cliente_vip_delta1	0.00020961335595381	0.000198145442834936	0.000296713893628069
mvr_Visa_mlimitecompra_lag1	0.000208923493499323	0.000612275426040728	0.000979155848972628
mv_cconsumos	0.000205577997187703	0.000667329000244756	0.000934648764928418
mvr_msaldototal_delta1	0.000204017399210448	0.00135113227565244	0.00102366293301684
ctarjeta_debito	0.000201649623823987	0.000581148829939934	0.000964320154291225
mv_fultimo_cierre_lag1	0.000199958642220551	0.000579452948673162	0.00115718418514947
mv_mpagospesos_lag1	0.000199695116427257	0.000573363642177217	0.000964320154291225
internet_lag1	0.000198563166101853	0.000807034218817945	0.000786291818114383
tmobile_app_lag1	0.000198084591925595	0.00031561984280164	0.000712113344707366
mv_mpagado_mean6	0.000194876784366803	0.000622334204838527	0.00081596320747719
mvr_mconsumospesos_lag1	0.000193714051516564	0.00059450967688247	0.00100882723833544
ctarjeta_debito_lag1	0.000191969635909402	0.000527928791283755	0.00081596320747719
mcheques_depositados_mean6	0.000185091341575141	0.00219535714769672	0.000652770565981752
Visa_mpagosdolares_mean6	0.000181813613703862	0.000332743715403162	0.000979155848972628
Master_mconsumototal_mean6	0.000176472203077156	0.00069600651175253	0.00106817001706105
cextraccion_autoservicio	0.000175942006627004	0.000199352334917285	0.00034122097767228
cseguro_accidentes_personales_mean6	0.000174178213043612	0.00128860367055246	0.000890141680884207
Master_msaldototal_lag1	0.000171107546528968	0.000454117021593826	0.000623099176618945
mv_mconsumototal_mean6	0.000171080062783005	0.000646783629280908	0.00109784140642386
Visa_fultimo_cierre_delta1	0.000168713090626916	0.000236206990667751	0.000578592092574735
ccomisiones_mantenimiento_lag1	0.000167742800924041	0.000291518484060376	0.000623099176618945
mautoservicio_lag1	0.000164588781056992	0.000600464772193303	0.00108300571174245
Visa_mconsumosdolares_delta1	0.000162460091393202	0.00039831615645056	0.000756620428751576
Master_msaldopesos_lag1	0.000161479871348322	0.00117412427717222	0.000786291818114383
cmobile_app_trx_delta1	0.00016052925096063	0.00182610044295474	0.00105333432237965
mv_mpagospesos_delta1	0.000160227476896678	0.000619487007927294	0.000756620428751576
ccajas_trx	0.000158799751612526	0.000884224952462481	0.000519249313849121
Master_mpagospesos	0.000157318865067847	0.00082667642049799	0.000682441955344559
mvr_msaldodolares_mean6	0.000154385818652271	0.00140826798388869	0.000904977375565611
Master_mconsumosdolares_mean6	0.000153268760328458	0.000349053556649734	0.000830798902158594
sb_invcomunes_mean6	0.000152185940785071	0.00449828781207424	0.0012907054372821
ctransferencias_emitidas_lag1	0.000152168624622687	0.000412583441879128	0.00077145612343298
mv_status03	0.00014973632847776	2.17118849207979e-05	7.41784734070173e-05
sb_call_hombk_lag1	0.000148169875521237	0.00155608360628886	0.00081596320747719
mv_msaldopesos_delta1	0.000146723059041963	0.000989795978441954	0.000712113344707366
mv_msaldodolares_mean6	0.000145102662196617	0.00101037004187217	0.000697277650025962
Master_mpagospesos_lag1	0.000144954938303578	0.000875761648688535	0.000845634596839997
Master_msaldototal_delta1	0.00014474849900131	0.000890531660906636	0.000593427787256138
ctarjeta_visa_debitos_automaticos_lag1	0.000143972692804473	0.00064065808333047	0.000667606260663156
mvr_mconsumototal_lag1	0.000141064254950983	0.000366824487841311	0.000786291818114383
cpagomiscuentas	0.000140450700856379	0.000217909265793638	0.000400563756397893
mv_msaldototal_lag1	0.000138914196122231	0.000308699219913429	0.000578592092574735
cliente_vip_lag1	0.000137486484629332	0.000272684192675789	0.000267042504265262
ctarjeta_master_trx_mean6	0.000134994372411423	0.000491164108152073	0.000667606260663156
ctarjeta_visa_debitos_automaticos	0.000134963392158801	0.000280066225201961	0.000548920703211928
mtarjeta_master_consumo_lag1	0.000134703843391679	0.000844727216267594	0.000534085008530525
tpaquete7_mean6	0.000133887328306784	0.00315217654414264	0.000845634596839997
Master_delinquency	0.00013350201438702	0.000108975795764438	0.000163192641495438
mvr_msaldodolares2_mean6	0.000129822277453869	0.000563455559690662	0.000504413619167718
Visa_mpagosdolares	0.000128035780083457	0.000325986170060168	0.000548920703211928
Master_fultimo_cierre_delta1	0.000123459598122635	0.000262959637637755	0.000608263481937542
mvr_mpagospesos_delta1	0.000122904607158181	0.000513369920839384	0.000756620428751576
mv_mconsumospesos_lag1	0.000120397017182547	0.000295644460724243	0.000578592092574735
ccomisiones_otras_delta1	0.000118186388112166	0.000205502191211956	0.000534085008530525
mv_fultimo_cierre_delta1	0.000117554442455137	0.000200191963430111	0.000459906535123507
Master_mpagosdolares_mean6	0.00011599111970296	0.000238317678051351	0.000519249313849121
mvr_msaldopesos2_delta1	0.000112143391840629	0.0004303068305234	0.000652770565981752
cforex_mean6	0.000110482422640362	0.000292314500024321	0.000578592092574735
Visa_mfinanciacion_limite_delta1	0.00010965802207469	0.000304939846022891	0.000267042504265262
tcuentas_mean6	0.000108330956503613	0.00314387391818037	0.00081596320747719
mextraccion_autoservicio_lag1	0.000103938032618779	0.000320800519750485	0.000682441955344559
mcaja_ahorro_adicional_mean6	0.000101622423219022	0.00465188529684586	0.00121652696387508
mv_msaldototal_delta1	9.90171278759319e-05	0.000427021456177278	0.000548920703211928
ctarjeta_visa_debitos_automaticos_delta1	9.89009501781132e-05	0.000386432710685425	0.000237371114902455
mv_mconsumospesos_delta1	9.81101299721557e-05	0.00056665325681531	0.000623099176618945
ccheques_depositados_mean6	9.72957416437833e-05	0.00115381129779659	0.000356056672353683
mvr_msaldodolares2_delta1	9.71503589121413e-05	0.0024282810941944	0.000712113344707366
Master_mpagospesos_delta1	9.69237703968023e-05	0.000517599572948398	0.000489577924486314
mautoservicio_delta1	9.62003100695861e-05	0.000442661354418193	0.000682441955344559
matm_other_mean6	9.5227446854915e-05	0.000369730217383937	0.000652770565981752
Visa_mlimitecompra_delta1	9.42658777967045e-05	0.000345539929386302	0.000252206809583859
mv_fechaalta_delta1	9.31903527730958e-05	0.000326688005176928	0.000311549588309473
mtarjeta_master_consumo_mean6	9.15896640434899e-05	0.000227008081613598	0.000459906535123507
Visa_Fvencimiento_delta1	9.09992853648185e-05	0.000190546982165473	0.000207699725539648
ctarjeta_debito_trx_delta1	9.09616537023515e-05	0.0015194203727625	0.000801127512795787
mextraccion_autoservicio	9.06778298626914e-05	0.00048883727085516	0.000519249313849121
ccajas_otras_mean6	8.9244281915559e-05	0.000779241026513038	0.000370892367035086
catm_trx_other_mean6	8.63871449216722e-05	0.000253713012142561	0.000519249313849121
mvr_mconsumospesos_delta1	8.62371482659531e-05	0.000408545942347919	0.000504413619167718
mv_mconsumototal_lag1	8.40036210880738e-05	0.000192637010973288	0.0004302351457607
mvr_mconsumosdolares_lag1	8.39937099007987e-05	0.000239956556951603	0.000400563756397893
mvr_mpagosdolares_mean6	8.34054763815892e-05	0.000782697338401226	0.000563756397893331
ctransferencias_emitidas	8.25841077154217e-05	0.000416109798164002	0.000593427787256138
mv_mconsumosdolares_lag1	8.17209544352329e-05	0.000388923147208763	0.000504413619167718
tcallcenter_lag1	7.78565783838346e-05	0.000476119204716784	0.000311549588309473
mvr_mconsumosdolares	7.41246134286552e-05	0.000172044584364595	0.000356056672353683
mv_mconsumototal_delta1	7.38673156836245e-05	0.0003591139352699	0.000400563756397893
mplazo_fijo_dolares_mean6	7.36849398573297e-05	0.000794060598445776	0.000356056672353683
Master_delinquency_mean6	7.19409368005163e-05	0.000179830432923507	0.000178028336176841
Visa_status_delta1	7.13935885780461e-05	0.00025296213899237	0.000178028336176841
mextraccion_autoservicio_delta1	7.08260855480353e-05	0.000536417344428106	0.000400563756397893
ccajas_trx_lag1	7.00365034589069e-05	0.000782458130178576	0.000578592092574735
ccajas_otras_delta1	6.98048019630774e-05	0.0011075922557132	0.000400563756397893
thomebanking_lag1	6.96395783774161e-05	0.000153154368754648	0.000356056672353683
ctarjeta_master_trx	6.93526467204637e-05	0.000229682497709168	0.000237371114902455
ccallcenter_trx_lag1	6.91116651694486e-05	0.000470681999729226	0.000356056672353683
Visa_mpagado_delta1	6.8977179917377e-05	0.000435971279844601	0.000281878198946666
mprestamos_prendarios_mean6	6.72196726114036e-05	0.00282804668970968	0.00077145612343298
cextraccion_autoservicio_lag1	6.40752664944503e-05	0.000194438619631286	0.000459906535123507
mvr_mconsumototal_delta1	6.32690828686863e-05	0.000311013119516416	0.000370892367035086
Master_msaldopesos_delta1	5.94139037522017e-05	0.000187089592136126	0.000252206809583859
Master_mconsumospesos_lag1	5.92990191514295e-05	0.000154585896764607	0.00034122097767228
cprestamos_hipotecarios_mean6	5.90279362769043e-05	0.00199162860303008	0.000548920703211928
Master_mconsumototal	5.82592092406201e-05	0.000153183130778512	0.000252206809583859
tcallcenter_delta1	5.75745129368655e-05	7.29253985409828e-05	4.45070840442104e-05
Visa_msaldodolares_mean6	5.68462504495557e-05	0.000269494633777966	0.000311549588309473
mv_mlimitecompra_delta1	5.58167338561261e-05	0.000253217067208716	0.000148356946814035
ccajas_depositos_lag1	5.45166265597167e-05	0.00111387573195428	0.000311549588309473
ctarjeta_master_descuentos_mean6	5.42912218340993e-05	0.00142926954767843	0.00038572806171649
mv_Fvencimiento_delta1	5.41259662511109e-05	9.08421917979561e-05	0.000163192641495438
Master_mconsumospesos	5.35888986837871e-05	0.000186754742358912	0.000326385282990876
Master_mconsumospesos_delta1	5.35629428215876e-05	0.00024342890184221	0.000281878198946666
mv_mconsumosdolares	5.30139514512485e-05	0.000416744962422545	0.000311549588309473
mforex_sell_lag1	5.27236617953706e-05	0.000200123901422009	0.000252206809583859
Master_mconsumosdolares_delta1	5.19101694098786e-05	9.63597356913476e-05	0.000237371114902455
matm	4.93096665727834e-05	0.000222160167717139	0.000281878198946666
mv_mconsumosdolares_delta1	4.91000609748803e-05	0.000329340580219312	0.000267042504265262
Master_cconsumos	4.84073941704727e-05	0.000147156530363613	0.000207699725539648
Master_mconsumototal_lag1	4.83215358184583e-05	0.000140002646418509	0.000267042504265262
matm_lag1	4.68537818881601e-05	0.000217040875256949	0.00034122097767228
ctransferencias_emitidas_delta1	4.65575730011026e-05	0.00031855722100414	0.000370892367035086
mprestamos_hipotecarios_mean6	4.28207288636242e-05	0.00148062683663918	0.000415399451079297
Master_cconsumos_delta1	4.25500761101315e-05	9.11743983903888e-05	0.000133521252132631
ccuenta_debitos_automaticos_lag1	4.22152429836635e-05	0.00017866701427505	0.000252206809583859
Master_Fvencimiento_delta1	4.07709573233617e-05	9.26962120278552e-05	0.000207699725539648
cplazo_fijo_mean6	3.90296209804976e-05	0.00054211754630134	0.000222535420221052
Master_mconsumosdolares	3.86505619306478e-05	7.11595076562705e-05	0.000192864030858245
mv_mpagado	3.65568389630614e-05	0.000323359713856868	0.000192864030858245
cpagomiscuentas_lag1	3.55280279820503e-05	0.000137462302393062	0.000237371114902455
Master_mconsumosdolares_lag1	3.48037238851271e-05	8.06164402352625e-05	0.000237371114902455
mplazo_fijo_dolares_lag1	3.39006190637436e-05	0.000491286320669432	0.000178028336176841
catm_trx	3.3774901646354e-05	0.000182195770293476	0.000148356946814035
Master_mconsumototal_delta1	3.35880170042906e-05	8.89735644942691e-05	0.000148356946814035
ctarjeta_master_trx_lag1	3.32027908898497e-05	0.000108232852168589	0.000237371114902455
Master_madelantopesos_mean6	3.25136683836788e-05	5.36694148476386e-05	0.000118685557451228
Master_msaldodolares_mean6	3.21359091189245e-05	0.000109358327203945	0.000133521252132631
active_quarter_mean6	3.20827514327821e-05	0.000165033397618899	0.000163192641495438
mtarjeta_visa_descuentos_mean6	3.20337529131346e-05	5.2805093424362e-05	0.000118685557451228
Visa_msaldodolares_lag1	3.1199518599526e-05	6.86265367252122e-05	0.000103849862769824
mv_status02_delta1	3.02304904824049e-05	0.000112566875297692	8.90141680884207e-05
ctransferencias_recibidas_delta1	2.90191084934602e-05	0.000102551083031325	0.000178028336176841
Master_mpagado_mean6	2.88097041831732e-05	8.30599254499965e-05	0.000133521252132631
mv_status04_mean6	2.87505411961421e-05	7.59505583011981e-05	0.000118685557451228
Visa_mpagosdolares_lag1	2.795594387532e-05	7.27575215286636e-05	0.000133521252132631
mv_mpagosdolares_mean6	2.75199699666265e-05	0.000401551831967056	0.000207699725539648
Master_fechaalta_delta1	2.70791651257174e-05	6.14774870259568e-05	0.000163192641495438
Master_cadelantosefectivo_mean6	2.66303125395002e-05	6.82969733175602e-05	0.000163192641495438
cseguro_vida_lag1	2.61801241344888e-05	0.000360846612451119	0.000118685557451228
mcheques_emitidos_mean6	2.50040047796848e-05	0.000224130522856134	8.90141680884207e-05
ccajas_consultas_delta1	2.45750150753937e-05	6.8649351583319e-05	4.45070840442104e-05
cseguro_vida_mean6	2.43109112432021e-05	0.000132968088354752	0.000103849862769824
Master_delinquency_lag1	2.40646846012131e-05	0.000115689554664815	5.93427787256138e-05
catm_trx_lag1	2.40120837495691e-05	0.000128356878611151	0.000207699725539648
cpayroll_trx_delta1	2.32176209795327e-05	0.000110792394062442	0.000103849862769824
Master_mpagosdolares_lag1	2.30621469389529e-05	4.72453976894683e-05	0.000103849862769824
mvr_mpagado	2.25190788956538e-05	0.000251179971654009	0.000148356946814035
mttarjeta_master_debitos_automaticos_lag1	2.23093521414156e-05	0.000469649279612423	0.000163192641495438
cforex_lag1	2.13965300431412e-05	1.53918909952455e-05	4.45070840442104e-05
mforex_buy_mean6	2.1143899480397e-05	0.000329981830758599	0.000133521252132631
ctarjeta_master_debitos_automaticos_mean6	2.10693116046434e-05	0.000301971201726736	0.000148356946814035
active_quarter_lag1	2.07347670743212e-05	4.58891308882644e-05	0.000133521252132631
mtarjeta_master_consumo_delta1	1.95020993697728e-05	7.6214181204322e-05	8.90141680884207e-05
cseguro_vivienda_mean6	1.93778126784395e-05	0.000117751969147421	0.000103849862769824
Master_mpagosdolares	1.9360749435435e-05	2.79593651586176e-05	0.000103849862769824
thomebanking_delta1	1.86118606609815e-05	9.06474655928649e-05	8.90141680884207e-05
cextraccion_autoservicio_delta1	1.84998524376574e-05	6.85211571214569e-05	0.000118685557451228
mvr_msaldodolares2_lag1	1.78508704163918e-05	0.000166280007030453	0.000103849862769824
mpagomiscuentas_delta1	1.76212028544584e-05	0.000115723603058239	0.000148356946814035
matm_other_lag1	1.73730077693052e-05	5.46951444362712e-05	0.000118685557451228
cseguro_vivienda	1.73247679331178e-05	8.03224902646551e-05	7.41784734070173e-05
Visa_msaldodolares_delta1	1.71874130473386e-05	4.28934635056018e-05	7.41784734070173e-05
Visa_madelantopesos_mean6	1.71397559852549e-05	2.70026713830063e-05	4.45070840442104e-05
ccajas_extracciones	1.62040123789062e-05	0.000143333441808362	0.000103849862769824
matm_delta1	1.5886255775346e-05	5.46710775432683e-05	0.000103849862769824
cplazo_fijo_lag1	1.56471556848877e-05	0.000242693261783255	8.90141680884207e-05
cseguro_accidentes_personales_lag1	1.52222348356482e-05	8.74660449218665e-05	0.000103849862769824
ctarjeta_master_trx_delta1	1.46839807294653e-05	8.65315399869139e-05	4.45070840442104e-05
Master_status_delta1	1.46444174520401e-05	2.46139279162297e-05	2.96713893628069e-05
mforex_sell	1.35063332795234e-05	0.000106527198073878	7.41784734070173e-05
mttarjeta_master_debitos_automaticos	1.31048550391327e-05	0.000583731499700618	0.000163192641495438
catm_trx_other_lag1	1.28520069755698e-05	7.8918228792434e-05	8.90141680884207e-05
mv_msaldodolares	1.24045015116331e-05	6.68096254184837e-05	4.45070840442104e-05
Master_mpagado_delta1	1.22814094951881e-05	1.46748575659966e-05	2.96713893628069e-05
mvr_msaldodolares_lag1	1.18965785122974e-05	5.19010894506283e-05	7.41784734070173e-05
mv_mpagado_delta1	1.17914963939568e-05	0.000160146148959454	7.41784734070173e-05
Visa_mpagosdolares_delta1	1.13942111400207e-05	4.12722869876307e-05	8.90141680884207e-05
mvr_mconsumosdolares_delta1	1.13127125402773e-05	5.62069417945688e-05	7.41784734070173e-05
ccajas_extracciones_lag1	1.12753529369997e-05	0.000116065373806128	0.000133521252132631
Visa_mpagado_lag1	1.10442219049098e-05	6.01366967672187e-05	5.93427787256138e-05
Visa_delinquency_delta1	1.0673500548458e-05	4.282853158474e-05	4.45070840442104e-05
ccajas_extracciones_delta1	1.05998467516397e-05	5.98795427110579e-05	4.45070840442104e-05
matm_other_delta1	1.05210984905057e-05	5.13720003707833e-05	7.41784734070173e-05
mcuenta_debitos_automaticos_delta1	1.03086833874165e-05	4.09518703904697e-05	4.45070840442104e-05
minversion1_pesos_mean6	9.57034109400541e-06	0.000175222144594664	5.93427787256138e-05
mv_msaldodolares_lag1	9.19974481065011e-06	2.02717317815551e-05	2.96713893628069e-05
mv_status04_lag1	8.66884467244406e-06	5.12551090017332e-05	4.45070840442104e-05
cseguro_accidentes_personales	8.47348875826767e-06	5.4887923031524e-05	5.93427787256138e-05
Visa_madelantopesos	8.36427758737233e-06	1.01202328439498e-05	2.96713893628069e-05
cprestamos_prendarios_mean6	8.25395857990437e-06	4.46979935783577e-06	1.48356946814035e-05
ctarjeta_master_debitos_automaticos_lag1	7.80815561679006e-06	3.82800627009324e-05	2.96713893628069e-05
Visa_msaldodolares	7.67631609814185e-06	1.76178351467815e-05	4.45070840442104e-05
cliente_vip	7.57260992562338e-06	6.84829004996315e-05	4.45070840442104e-05
Master_madelantopesos_lag1	7.22447082457214e-06	1.04198169715896e-05	2.96713893628069e-05
cseguro_vivienda_lag1	6.79573345363317e-06	2.9088770192397e-05	2.96713893628069e-05
mttarjeta_master_debitos_automaticos_mean6	6.58695478222371e-06	0.000118459055854995	5.93427787256138e-05
Master_msaldodolares	6.48505236789202e-06	2.05038451397938e-05	1.48356946814035e-05
ccajas_consultas_lag1	6.36284477377076e-06	4.5629646656047e-05	2.96713893628069e-05
cforex_buy_mean6	6.28139829119279e-06	8.22564668341693e-05	4.45070840442104e-05
Master_madelantopesos	6.15337018074714e-06	4.30748694505483e-06	1.48356946814035e-05
ccheques_emitidos_mean6	6.10778573540425e-06	6.72090245503406e-05	2.96713893628069e-05
cliente_edad_delta1	5.95238678728588e-06	5.37863062166887e-05	2.96713893628069e-05
matm_other	5.74990616193141e-06	3.79798525558445e-05	4.45070840442104e-05
Master_cconsumos_lag1	5.26904105425796e-06	2.58276366330133e-05	4.45070840442104e-05
tpaquete9_mean6	5.06694864963866e-06	2.29424265511847e-05	1.48356946814035e-05
Master_msaldodolares_lag1	5.01070366695812e-06	7.15478819252923e-06	1.48356946814035e-05
Master_madelantopesos_delta1	4.58047295240873e-06	4.84965283381466e-06	1.48356946814035e-05
mvr_msaldodolares_delta1	4.54221873019075e-06	8.88492652520837e-06	1.48356946814035e-05
Master_mpagado	4.33293514905936e-06	1.11295816426917e-05	1.48356946814035e-05
mvr_mpagosdolares_delta1	4.30470265171839e-06	3.77421050405734e-05	2.96713893628069e-05
mv_status01_lag1	4.27251803894126e-06	2.03129793756323e-05	1.48356946814035e-05
mforex_sell_delta1	4.01947669532108e-06	2.99353892333926e-05	1.48356946814035e-05
mvr_mpagosdolares_lag1	3.61649765877796e-06	1.53752319753779e-05	1.48356946814035e-05
cforex_sell_lag1	3.48582284283823e-06	1.1168429503218e-05	2.96713893628069e-05
mcheques_depositados_rechazados_mean6	3.29382251671274e-06	0.000111509497049186	2.96713893628069e-05
Visa_cadelantosefectivo_mean6	3.23502989874346e-06	1.18395202075294e-05	1.48356946814035e-05
Master_madelantodolares_mean6	2.85634096481214e-06	6.37390098357905e-06	1.48356946814035e-05
mvr_mpagado_delta1	2.84066891698886e-06	3.59771531820331e-05	1.48356946814035e-05
Master_madelantodolares_lag1	2.72460788790541e-06	3.50392399298633e-06	1.48356946814035e-05
cseguro_vida	2.61721367915717e-06	4.32231312494952e-05	1.48356946814035e-05
ccajas_otras_lag1	2.61173913899553e-06	0.000173039047859572	4.45070840442104e-05
mvr_Visa_mlimitecompra_delta1	2.06917658258534e-06	1.00745683489892e-05	1.48356946814035e-05
mv_mpagado_lag1	1.62267551069779e-06	3.78226873976365e-05	1.48356946814035e-05
Master_cadelantosefectivo_lag1	1.57680236035748e-06	4.31350366830555e-06	1.48356946814035e-05
mcheques_emitidos_rechazados_mean6	1.51174231656022e-06	5.57547485245928e-05	1.48356946814035e-05
mplazo_fijo_dolares_delta1	1.49369144972615e-06	5.63165296267249e-06	1.48356946814035e-05
Master_delinquency_delta1	1.19748401064894e-06	5.6567979968359e-06	1.48356946814035e-05
cpagomiscuentas_delta1	1.12609368045187e-06	5.21570958081343e-05	1.48356946814035e-05
catm_trx_delta1	1.43832368111076e-09	5.71453071704511e-06	1.48356946814035e-05
