Feature	Gain	Cover	Frequency
ctrx_quarter_normalizado	0.18813498552094	0.0108338486122599	0.00448834222616478
mtarjeta_visa_consumo	0.0561677035286067	0.0106628213222311	0.00620953541023978
ctrx_quarter	0.047978843545761	0.00416769997743505	0.00291278846535768
mcaja_ahorro	0.0411844366850557	0.00697931948836648	0.00696421242171881
mcuentas_saldo	0.0406587079804881	0.0124307429996472	0.0110156363780799
Visa_status_mean6	0.0206021015872779	0.0036188631202971	0.000887076487177111
mdescubierto_preacordado	0.0191134336299039	0.00204784722214943	0.00129751486184115
cpayroll_trx	0.0178927575721705	0.00829802041640318	0.0027803889896596
mprestamos_personales	0.0166675444007452	0.0113586440282925	0.0055475380317494
foto_mes	0.0153219134831194	0.0269342329344543	0.0174370109494366
mcuenta_corriente	0.0140008505947678	0.0036767887316828	0.00655377404705477
mpasivos_margen	0.0129633412839426	0.00493073626991779	0.00402494406122152
mdescubierto_preacordado_delta1	0.0128690195989886	0.00678828270963184	0.00189331250248249
mpayroll_sobre_edad	0.0117217498690998	0.0091758714459133	0.00402494406122152
mv_status01	0.0111022990447168	0.00118769027275618	0.000675237326060189
mpayroll	0.00980738973283912	0.00923758634404494	0.0038263448476744
mprestamos_personales_mean6	0.0097235698105752	0.00374921594424516	0.00289954851778787
mv_status07	0.00938436586452765	0.000103981061200839	0.000132399475698076
mcuenta_corriente_lag1	0.00923819167165956	0.00199147051129013	0.00410438374664036
cproductos_delta1	0.00828572317772967	0.0046222824549978	0.0010459558580148
ctrx_quarter_mean6	0.00815444191525557	0.00165348439489942	0.00215811145387864
ctarjeta_visa_trx	0.00684886027372999	0.00513408094546472	0.00532245892306267
cprestamos_personales_mean6	0.00645836561812244	0.00246684572709451	0.0020919117160296
mdescubierto_preacordado_mean6	0.00629163694046536	0.00267915920406264	0.00195951224033153
mv_status01_mean6	0.00573471838140368	0.00142866412327586	0.00107243575315442
Visa_Finiciomora_mean6	0.0056057850402197	0.00195892291623159	0.000979756120165764
mactivos_margen_mean6	0.00532904412434856	0.00280866815491514	0.00509737981437594
mv_Finiciomora	0.0049798684484363	0.00707990791574502	0.00188007255491268
mv_status02_mean6	0.00466997396520112	0.00114315863982677	0.000820876749328073
mcaja_ahorro_dolares_delta1	0.00458148274568623	0.00819410517833228	0.00403818400879133
mpasivos_margen_mean6	0.00456771790883163	0.00136407923383021	0.00303194799348595
Visa_Finiciomora	0.00451067103836056	0.00606310728725371	0.00129751486184115
mactivos_margen	0.00448627303938796	0.00601135362278625	0.00687153278873016
ccaja_ahorro	0.00394907771587591	0.00740307040043794	0.00272742919938037
Master_status	0.00378904997427374	0.000271143127904082	0.00022507910868673
mv_msaldototal	0.00372780763976071	0.000714346203326002	0.00140343444239961
mprestamos_personales_delta1	0.00371026555652762	0.0110958115847865	0.00415734353691959
mrentabilidad_mean6	0.00367456953765767	0.00202491563215169	0.00379986495253479
ctrx_quarter_delta1	0.0034706852161799	0.00299188095187397	0.00541513855605132
mcuenta_corriente_mean6	0.00341840657595103	0.00623402384357952	0.00852652623495611
mprestamos_personales_lag1	0.00335962751844207	0.00113492829164458	0.00100623601530538
mcomisiones_mantenimiento	0.0033090892556487	0.007053303200827	0.00483258086297978
ccomisiones_mantenimiento_delta1	0.00323603455128995	0.00319396196045758	0.00172119318407499
mrentabilidad_annual_delta1	0.00314494194963431	0.0052700414201233	0.0083411669689788
mv_status05_delta1	0.00312740097855759	0.00109846667729439	0.000357478584384806
cprestamos_personales	0.00309404117783654	0.00176784225541031	0.00141667438996942
ctrx_quarter_normalizado_delta1	0.00308501268835938	0.00348073185366573	0.00439566259317613
Master_status_mean6	0.00300079645472753	0.000362015558487977	0.00022507910868673
mv_Finiciomora_mean6	0.00298053278961042	0.00256908641788318	0.00142991433753922
mautoservicio	0.00293608473546316	0.00353517415301106	0.00168147334136557
cliente_edad_mean6	0.00291965596648052	0.00729414477656733	0.00962544188325014
thomebanking_mean6	0.00269493887172275	0.00182016695838526	0.00293926836049729
mv_status07_delta1	0.00267706984436143	0.000578782495867335	0.000185359265977307
mv_status04_delta1	0.00263730642687984	0.00239917406425588	0.00078115690661865
cproductos	0.00261136289338597	0.00635230040870902	0.0059050166161342
sb_call_hombk	0.00247137345940877	0.00274519797331845	0.0017344331316448
cliente_edad	0.00242649838988789	0.00544360021516246	0.007639449747779
ccomisiones_mantenimiento_mean6	0.00240268301889257	0.00594366259012032	0.00427650306504786
mrentabilidad_annual_mean6	0.00240138986863582	0.00359759270725833	0.00585205682585497
mtransferencias_recibidas	0.00237832454581629	0.00499142628134654	0.00342914642058017
cliente_edad_lag1	0.00233405797736791	0.00486233466742206	0.00742761058666208
mcuentas_saldo_delta1	0.00233248705498885	0.00709125132086166	0.00528273908035324
mcomisiones_mantenimiento_mean6	0.00227150332314826	0.00171924655845034	0.00297898820320672
mcuenta_corriente_delta1	0.00226036609636481	0.00334939265411685	0.00383958479524421
mv_msaldopesos	0.00217375206771585	0.00171425805655581	0.00199923208304095
mtransferencias_emitidas_mean6	0.00204945616982345	0.00387107764156916	0.00534893881820228
mcuentas_saldo_lag1	0.0019571551244048	0.00553588252919363	0.00549457824147016
mcuenta_debitos_automaticos	0.00194591680231057	0.00683172294707082	0.00360126573898767
mcaja_ahorro_mean6	0.00185029939183051	0.00367216522818589	0.0052032993949344
ccomisiones_mantenimiento	0.00184982924570636	0.00452450448099802	0.00165499344622595
mv_mpagominimo	0.00180020875941987	0.00344344687880996	0.00316434746918402
Visa_msaldopesos	0.00178979841334534	0.0027084536966212	0.00299222815077652
chomebanking_trx_delta1	0.00174891841087723	0.00602656276547163	0.00349534615842921
mcaja_ahorro_delta1	0.00171164311734966	0.00666856866333652	0.00402494406122152
mcomisiones_mean6	0.00170202717818492	0.00195968016791656	0.00289954851778787
mv_status02	0.00170059811169957	0.000366874413957304	0.000264798951396153
Visa_status	0.00168841865931929	0.000403799304294953	0.000198599213547114
mtarjeta_visa_debitos_automaticos_mean6	0.00168667430697883	0.00244739236384325	0.00378662500496498
thomebanking	0.00167738303860706	0.00217196736134321	0.00170795323650518
mcaja_ahorro_lag1	0.00166857636434481	0.0027558729765479	0.00454130201644402
mv_status06_delta1	0.00166772069240864	0.000515589719909404	0.000291278846535768
sb_call_hombk_mean6	0.00165119224674474	0.00702119099834671	0.00397198427094229
ctransferencias_recibidas_mean6	0.0016505040032725	0.00307474101625547	0.00484582081054959
mcomisiones_otras_mean6	0.00160783286897006	0.00226430652781734	0.00307166783619537
Visa_cconsumos_mean6	0.00159875901163438	0.00329459221294994	0.00369394537197633
mcuentas_saldo_mean6	0.00157479319064966	0.00170977214168467	0.0036542255292669
numero_de_cliente	0.00152625305096748	0.00270967850965365	0.00529597902792305
mrentabilidad_annual_lag1	0.00150440871794169	0.00172305567212865	0.00438242264560632
ctarjeta_visa_debitos_automaticos_mean6	0.00148925042558683	0.00585349970087981	0.00389254458552344
mv_status04	0.0014881370440829	0.000624738982435032	0.000238319056256537
mrentabilidad	0.00145466963939644	0.00210464504105358	0.00366746547683671
ccaja_ahorro_mean6	0.00143238574718856	0.00208044081340554	0.00180063286949384
mrentabilidad_annual	0.00143212707277709	0.00162031485125634	0.00340266652544056
Master_fultimo_cierre_mean6	0.00138932001155526	0.00174322434767481	0.00415734353691959
cpayroll_trx_mean6	0.00138740706732937	0.000962536942951702	0.00115187543857326
cplazo_fijo	0.00138292565993608	0.00666828154421504	0.00115187543857326
mactivos_margen_delta1	0.00138096131121312	0.0024862381239572	0.00353506600113864
mactivos_margen_lag1	0.001353488643253	0.00256763236665861	0.00397198427094229
Visa_fultimo_cierre_mean6	0.00133446495797189	0.00303462724668004	0.00440890254074594
ctarjeta_master	0.00132524043222566	5.17270952353275e-05	0.000105919580558461
mv_mpagospesos	0.00132519157359869	0.000666833388274544	0.00127103496670153
mpayroll_mean6	0.00131131580986401	0.00303788086342322	0.00234347071985595
chomebanking_trx	0.00131015702851736	0.00426634696530918	0.00341590647301037
mpagomiscuentas	0.00130594608254444	0.00524135739138442	0.0024229104052748
Visa_mpagospesos_mean6	0.001301345177165	0.00312627807005835	0.0032967469448821
mpayroll_lag1	0.00129187640275137	0.00160379981652689	0.0013901944948298
cpayroll_trx_lag1	0.00129065064216131	0.000915336444938655	0.00050311800765269
mcomisiones	0.0012894182562481	0.00254007613040128	0.00311138767890479
Master_fechaalta_mean6	0.00125105502600396	0.00244458950983626	0.00440890254074594
mv_status06	0.00124632667954569	0.000163218278443968	0.000198599213547114
Visa_fechaalta_mean6	0.00121929487123852	0.00274037020099381	0.00362774563412729
mtransferencias_recibidas_mean6	0.0012129523437506	0.00224576017529928	0.00385282474281402
chomebanking_trx_mean6	0.00119873674344533	0.00170838048530203	0.00358802579141787
Visa_mpagominimo_mean6	0.00119776610980966	0.00177303388336989	0.00266122946153133
Visa_mpagominimo	0.00119376492545056	0.00213590599961908	0.00321730725946325
Visa_fechaalta_lag1	0.00119005650399469	0.00330475994382905	0.00325702710217268
cproductos_mean6	0.00118007168241868	0.00291592477390247	0.00476638112513074
mcaja_ahorro_dolares_mean6	0.00117984041141801	0.00163866253448377	0.00307166783619537
Visa_delinquency_lag1	0.00117129885020879	0.00207745551733788	0.000807636801758265
ccaja_seguridad	0.00115862309172579	0.00528448456898926	0.00132399475698076
mcomisiones_otras	0.00114513781940012	0.00267018771714916	0.00293926836049729
ctransferencias_emitidas_mean6	0.00113444468350229	0.00120166848862881	0.00247587019555403
mv_fultimo_cierre_mean6	0.00112797134928677	0.00192092879999936	0.00360126573898767
Visa_Fvencimiento	0.00110181020526975	0.0017757429736996	0.00353506600113864
tmobile_app	0.00110098143531355	0.000803755954827153	0.00184035271220326
Master_fechaalta	0.00109179005187478	0.00621256058933975	0.00464722159700248
mrentabilidad_delta1	0.00106929161037132	0.00239874398552406	0.00357478584384806
Visa_mfinanciacion_limite	0.00106452382296485	0.00158858941680258	0.00280686888479922
mvr_mpagominimo	0.00106176972982485	0.00400100850040037	0.00330998689245191
cliente_antiguedad_mean6	0.0010541842352077	0.0017857091783814	0.00325702710217268
ctarjeta_visa_trx_mean6	0.00104293198062398	0.00161247641353271	0.0020919117160296
mvr_mpagominimo_mean6	0.0010378293037256	0.00266144963951156	0.00348210621085941
mv_fechaalta_mean6	0.00101573513475523	0.00234062284744509	0.00341590647301037
mv_mpagospesos_mean6	0.00101338081236616	0.00196194832326906	0.00206543182088999
ccomisiones_otras_mean6	0.00100200247324354	0.00495462646638341	0.00383958479524421
cprestamos_personales_delta1	0.000980537332863397	0.00107732013972932	0.000383958479524421
Visa_msaldototal	0.000952398417477199	0.00133872744390639	0.00199923208304095
mtarjeta_master_consumo	0.000947270926386136	0.00156564028539781	0.000847356644467688
tpaquete7_mean6	0.000912924554492036	0.00385750950608158	0.000714957168769612
Master_Fvencimiento	0.000886929455761702	0.00142253154453169	0.00319082736432364
canarito20	0.000884793453102838	0.00320541632782973	0.00342914642058017
Visa_Fvencimiento_lag1	0.000882886704454633	0.00107960309385843	0.00292602841292749
mvr_msaldopesos2	0.000878616714707376	0.00150386550650213	0.00263474956639172
tcallcenter_mean6	0.000875172098062618	0.00199053093182075	0.00162851355108634
mpayroll_sobre_edad_mean6	0.000874293195432613	0.00187150962825753	0.00169471328893538
Visa_mconsumospesos	0.000862392884129047	0.00104969236652869	0.0026082696712521
mv_Fvencimiento	0.000858576655602184	0.00150632827433776	0.00300546809834633
ctrx_quarter_normalizado_mean6	0.000857497240188468	0.0011802034631069	0.00197275218790134
mvr_msaldopesos_lag1	0.000854944069730732	0.00230963952307089	0.00140343444239961
cliente_antiguedad_lag1	0.00085061109638425	0.00145566046296176	0.00311138767890479
cliente_antiguedad	0.000850515923069424	0.00164496698473389	0.00309814773133498
tcallcenter	0.000845635198970344	0.000543933319648126	0.000423678322233844
mcomisiones_mantenimiento_lag1	0.00083778954393032	0.00478627884054551	0.00231699082471633
Master_Fvencimiento_lag1	0.000831965158452646	0.000914125802163344	0.00300546809834633
ccallcenter_trx	0.000829221803935839	0.00458073868935206	0.00149611407538826
Master_mfinanciacion_limite	0.000826402100028561	0.00156339144273448	0.0026082696712521
Master_Fvencimiento_mean6	0.000826037079601667	0.00106059929344255	0.00300546809834633
mcaja_ahorro_dolares	0.000820605894303066	0.00295655735773125	0.00262150961882191
Visa_fechaalta	0.000815273277638503	0.00189699654986739	0.00305842788862556
mcaja_ahorro_dolares_lag1	0.000795869315899777	0.00110842505405189	0.00229051092957672
Master_fechaalta_lag1	0.000794830868849823	0.00133856745713223	0.00309814773133498
mv_mpagominimo_mean6	0.000792993637829453	0.00194741306773169	0.00280686888479922
mv_mlimitecompra_mean6	0.00078226426055575	0.000804200775197447	0.00168147334136557
mpayroll_sobre_edad_delta1	0.000781774427683123	0.00697122444328473	0.0024229104052748
mcomisiones_otras_lag1	0.00078133256221766	0.00081008246039685	0.00239643051013518
canarito9	0.000779007626771493	0.00144769952107964	0.00287306862264825
mv_cconsumos_mean6	0.000778886078526441	0.001443956116255	0.00222431119172768
tmobile_app_delta1	0.000777927093562455	0.000769429535392507	0.00198599213547114
mrentabilidad_lag1	0.000774743554009809	0.00109626691628784	0.00301870804591614
mv_fechaalta	0.000773248499243395	0.00120076747739963	0.00256854982854268
mpasivos_margen_lag1	0.000770019513607844	0.0013552155665749	0.00248911014312383
Visa_mpagominimo_lag1	0.000769362345390931	0.000874521647601743	0.0020919117160296
ccallcenter_trx_mean6	0.000767649909250187	0.00173875117460747	0.00236995061499556
Visa_mlimitecompra_mean6	0.000758502595602336	0.00107299038337739	0.00195951224033153
ctarjeta_debito_mean6	0.000756946780474378	0.00152770947821764	0.00246263024798422
Visa_mfinanciacion_limite_mean6	0.000755265209108745	0.00160762435750129	0.00218459134901826
internet_mean6	0.000751532158792258	0.00163008530069233	0.00199923208304095
Visa_mconsumospesos_mean6	0.000750444955840146	0.000757833522587098	0.00236995061499556
mv_fechaalta_lag1	0.000747147295180113	0.00156938420446565	0.00252882998583326
canarito30	0.000746490422939975	0.00171342738236912	0.00320406731189344
Visa_Fvencimiento_mean6	0.000743672634129264	0.000875181078801944	0.00250235009069364
ccaja_ahorro_delta1	0.000742811414574314	0.0146649363597273	0.00205219187332018
mpasivos_margen_delta1	0.00074069980971112	0.00110539364751038	0.00264798951396153
canarito1	0.000736204999351449	0.00163978198479781	0.00308490778376518
mvr_msaldototal_lag1	0.000734842412535859	0.00146821553934012	0.00123131512399211
ccajas_extracciones_mean6	0.000727988640313755	0.00416758832952195	0.00221107124415787
ccajas_trx_mean6	0.000727380934301996	0.00304731459783775	0.00385282474281402
canarito42	0.000721177645105103	0.00119179324785574	0.00285982867507845
cmobile_app_trx_mean6	0.000719989227350414	0.00132681408590681	0.00309814773133498
internet	0.000711958441657003	0.00108014162076787	0.00166823339379576
mv_Fvencimiento_mean6	0.000710883275194613	0.00092751149559025	0.00258178977611249
mvr_mpagominimo_lag1	0.00069554124003932	0.00140413597954828	0.00168147334136557
canarito31	0.000692520055309587	0.00144004352541668	0.00276714904208979
Visa_delinquency_mean6	0.000690503201914875	0.000882073194756425	0.000569317745501728
canarito36	0.000683811166970973	0.00130184209315721	0.00270094930424076
canarito45	0.000683537292080615	0.0010667948955481	0.00287306862264825
ccaja_seguridad_lag1	0.000678211925471806	0.000892031057270718	0.000410438374664036
mvr_mpagospesos	0.00067046596880203	0.00105080981700806	0.00127103496670153
mv_Fvencimiento_lag1	0.000667430159859457	0.000854328745486927	0.00233023077228614
chomebanking_trx_lag1	0.000665894356822289	0.000893991009530427	0.00275390909451999
canarito25	0.000664333724617207	0.000951054349341544	0.00279362893722941
cproductos_lag1	0.000661627266190663	0.00207517130616983	0.00217135140144845
mtransferencias_emitidas	0.000659017852226905	0.00262157739282698	0.00320406731189344
canarito57	0.000657382922178802	0.00103064102718563	0.00271418925181056
mvr_msaldototal	0.000656055070969307	0.00104261249466711	0.00137695454725999
canarito15	0.000647113213109717	0.00173354949033637	0.00270094930424076
mpayroll_sobre_edad_lag1	0.000646267169179393	0.000864072054309447	0.0010459558580148
canarito6	0.000643489412886001	0.00167688217492943	0.00272742919938037
canarito46	0.000643145982664032	0.00106605335684988	0.00275390909451999
Visa_mlimitecompra	0.000638641595737738	0.000945019133977083	0.00198599213547114
canarito38	0.00063499447762266	0.000953781838150279	0.00268770935667095
canarito43	0.000634801938650477	0.00231805825567964	0.00259502972368229
canarito16	0.000634604286768578	0.00101200388217324	0.0024361503528446
ccomisiones_otras	0.000631756151682649	0.00235640565699209	0.00184035271220326
canarito59	0.000628994556894564	0.00102713885956117	0.00267446940910114
canarito53	0.000628395703358204	0.00213264975452176	0.00264798951396153
mpayroll_delta1	0.000627323559451575	0.00599347887189085	0.00202571197818057
mv_msaldototal_mean6	0.0006243226990371	0.00420358746781855	0.00178739292192403
mcomisiones_lag1	0.000622180276512688	0.000719388243651741	0.00215811145387864
canarito29	0.000612297978679686	0.00131537091760886	0.00279362893722941
Visa_mpagospesos	0.000610692504547361	0.0017998558946101	0.00252882998583326
ctarjeta_visa_mean6	0.000607114677267637	0.000100548830651937	0.000185359265977307
Master_mlimitecompra	0.000604322654975178	0.000708007927300778	0.00180063286949384
Visa_mpagado_mean6	0.000603314178849041	0.00178692364941166	0.00154907386566749
canarito51	0.000597870904077209	0.00163293717921798	0.00270094930424076
mv_mfinanciacion_limite_mean6	0.000595509739159257	0.000664227660828571	0.00162851355108634
ccajas_consultas_mean6	0.000589190993514042	0.00468955706494585	0.00239643051013518
canarito50	0.000586964120718049	0.00111072554958802	0.00262150961882191
mvr_msaldopesos	0.000586843192209349	0.000854502216860622	0.0012180751764223
canarito17	0.000586584904113436	0.000873946895115578	0.00259502972368229
canarito11	0.000586564414614615	0.00080186633960994	0.00256854982854268
canarito10	0.000585545803040724	0.00089993851785977	0.00239643051013518
canarito28	0.000580599808094317	0.000900772734610739	0.00247587019555403
canarito37	0.000577459123643125	0.00261007577221832	0.00240967045770499
canarito3	0.000577351047297008	0.000911204843634145	0.0024361503528446
Visa_mconsumosdolares_mean6	0.000576078545010874	0.00077091078436868	0.0020786717684598
mtransferencias_recibidas_lag1	0.000575506017689292	0.00268197422849209	0.00184035271220326
mcomisiones_delta1	0.000573964873885976	0.00220662478198597	0.00217135140144845
canarito54	0.000572849455388656	0.00185332450302027	0.00247587019555403
canarito19	0.000570198587602408	0.00097816879354966	0.00250235009069364
cmobile_app_trx_lag1	0.00056916377502726	0.00122327933066774	0.00223755113929749
cprestamos_personales_lag1	0.000566146484548813	0.000195561890365455	0.000304518794105575
canarito49	0.00056525301487475	0.000875554133676402	0.00268770935667095
cextraccion_autoservicio_mean6	0.000564714580546634	0.00125758312340147	0.00211839161116922
ccaja_ahorro_lag1	0.000560530906489486	0.000602739486811165	0.000635517483350766
mtarjeta_visa_debitos_automaticos	0.000556385336158071	0.000968386459381872	0.00164175349865615
ctrx_quarter_lag1	0.00055195584369748	0.000789020030164482	0.00189331250248249
canarito26	0.000551128109277908	0.00105176505232605	0.00238319056256537
Master_mfinanciacion_limite_lag1	0.000551057060125477	0.00251200502242183	0.00185359265977307
ctarjeta_debito_trx_mean6	0.000543692396356716	0.00220918777010799	0.00264798951396153
mcomisiones_otras_delta1	0.000541475206062624	0.00167571232878153	0.00202571197818057
Visa_mpagospesos_lag1	0.000540181891477158	0.000958635436911312	0.00211839161116922
Master_mfinanciacion_limite_mean6	0.000540050485885687	0.000866406204206286	0.00174767307921461
mvr_mpagominimo_delta1	0.00053954609370297	0.00182382345610865	0.00124455507156192
canarito52	0.00053808060666594	0.000854559297856116	0.00236995061499556
Visa_mlimitecompra_lag1	0.000537509204535327	0.000709559627595714	0.00148287412781845
mcomisiones_mantenimiento_delta1	0.000527916604688031	0.00321755018188698	0.00105919580558461
mv_mpagominimo_delta1	0.000527166226355872	0.00207972858656987	0.0012180751764223
canarito24	0.000525235717187727	0.000885459086278955	0.00218459134901826
ctrx_quarter_normalizado_lag1	0.000518817479664491	0.00103144044681322	0.00166823339379576
canarito34	0.000515950963681968	0.000949228785972129	0.00218459134901826
ccajas_consultas	0.000514554546667867	0.00348885392508469	0.000820876749328073
canarito27	0.000511556922147911	0.000705851305585121	0.00219783129658807
sb_call_hombk_delta1	0.000508178959568966	0.000908198349318905	0.000622277535780958
canarito23	0.000507743137174105	0.000675114932224458	0.00218459134901826
mvr_msaldopesos2_mean6	0.000506974481234569	0.000867672728076285	0.00275390909451999
canarito7	0.000502215925016321	0.00189109429493988	0.00214487150630884
canarito56	0.000502024703856501	0.000813401614579303	0.00211839161116922
mforex_sell_mean6	0.000501069124842427	0.00193423484286799	0.00164175349865615
internet_delta1	0.000499167489335778	0.000483880055580521	0.00112539554343365
canarito41	0.000496988377984617	0.00100259483143244	0.00215811145387864
canarito48	0.000496582211583536	0.000955319768155011	0.00223755113929749
Visa_fultimo_cierre	0.000496502869797341	0.00058461618503449	0.00180063286949384
ctarjeta_visa_trx_lag1	0.000494352850423108	0.00187835563373818	0.00198599213547114
canarito5	0.000493052201735875	0.000764166484765895	0.00217135140144845
canarito33	0.000492597386125828	0.00214025215461537	0.00254206993340306
Visa_mpagospesos_delta1	0.000485786000963933	0.00112581853044773	0.00191979239762211
tmobile_app_mean6	0.000485317602824674	0.000753083743814866	0.0017344331316448
canarito60	0.000482903002106422	0.000736024182671944	0.00197275218790134
Master_mpagominimo_mean6	0.000482036227267164	0.000823805840193498	0.00150935402295807
canarito44	0.000478091395474407	0.000799147307244983	0.0022640310344371
canarito32	0.000477864081744242	0.000853551209764516	0.00203895192575037
Master_mfinanciacion_limite_delta1	0.000476771137298011	0.00312863033274355	0.000966516172595957
Master_mlimitecompra_lag1	0.000474900938498187	0.00158787553296103	0.0015623138132373
canarito14	0.000474396455838863	0.00174027487721693	0.00213163155873903
mtarjeta_visa_debitos_automaticos_delta1	0.000473972007109618	0.00287187184425659	0.00128427491427134
Visa_mconsumospesos_lag1	0.000472006510140582	0.000944309649771824	0.00161527360351653
canarito21	0.000470071835757428	0.000901459934943883	0.00198599213547114
Visa_mfinanciacion_limite_lag1	0.000469393906510714	0.000610211669098238	0.0013901944948298
Visa_cconsumos	0.000468202301843411	0.000627466471243767	0.00145639423267884
canarito40	0.000465331249837327	0.000953518317077986	0.00217135140144845
mvr_msaldopesos2_lag1	0.000464191994614716	0.000958247354707711	0.0020786717684598
mv_mpagominimo_lag1	0.000463469341075692	0.00141131030074475	0.00178739292192403
Visa_msaldototal_mean6	0.000462020973029613	0.000810929418951618	0.00137695454725999
mpagomiscuentas_mean6	0.000459197240113611	0.000850715787021359	0.00181387281706364
canarito18	0.000458865561482483	0.000682271883428305	0.00194627229276172
Visa_cconsumos_lag1	0.000457762060690095	0.000996398543669284	0.00170795323650518
canarito47	0.000455436182206642	0.000694428478462738	0.00198599213547114
canarito39	0.000455005642586478	0.000595315243418206	0.00199923208304095
ccuenta_debitos_automaticos_mean6	0.000454279512464268	0.00342804683762013	0.00172119318407499
canarito22	0.000452775933957327	0.00080501693629819	0.00203895192575037
canarito12	0.000452397861552177	0.000679106602239712	0.00219783129658807
mtarjeta_visa_debitos_automaticos_lag1	0.000450037113030986	0.00220979429139645	0.00153583391809768
canarito8	0.000448933062156999	0.000599293771662726	0.00188007255491268
canarito2	0.000448781907957518	0.000606216856485634	0.00194627229276172
Visa_mpagominimo_delta1	0.000447916745269624	0.000703005940806712	0.00132399475698076
mcuenta_debitos_automaticos_mean6	0.000446961395771993	0.00100175415807237	0.0017344331316448
canarito35	0.000443805985369548	0.00109975645638478	0.00195951224033153
canarito58	0.000442317198814884	0.000694524756217902	0.00181387281706364
mtransferencias_emitidas_delta1	0.000440914309757789	0.00217544890210144	0.00172119318407499
matm_mean6	0.000437408218640813	0.000785194689256219	0.00166823339379576
ccajas_depositos_mean6	0.000436491030311156	0.00516033254671691	0.0012180751764223
mautoservicio_mean6	0.00043407349319667	0.000782411433629064	0.00165499344622595
mv_msaldopesos_mean6	0.000432216993473392	0.000371716985058548	0.00078115690661865
mtarjeta_visa_consumo_mean6	0.000429573725430405	0.000499406543460069	0.00117835533371288
ccomisiones_otras_lag1	0.00042914632594278	0.00233029947228998	0.00185359265977307
Master_mpagominimo	0.000424849799075574	0.00146904204244305	0.00115187543857326
mvr_mpagospesos_mean6	0.000424694590056707	0.00104622351043613	0.00141667438996942
canarito13	0.000424372615592736	0.000625121065134603	0.00189331250248249
mtransferencias_emitidas_lag1	0.00042343653135452	0.000907447954209968	0.00203895192575037
mplazo_fijo_dolares	0.000419589725617341	0.0037507348472514	0.000820876749328073
cplazo_fijo_mean6	0.000417770410484743	0.00242564033347612	0.00055607779793192
Visa_msaldopesos_lag1	0.000413409445844562	0.000802767979358591	0.00128427491427134
mtarjeta_visa_consumo_lag1	0.000410619066907789	0.000940947699127284	0.00137695454725999
Visa_msaldopesos_mean6	0.000408891037594092	0.000556637240864582	0.00133723470455057
mdescubierto_preacordado_lag1	0.000408187901550743	0.000512826691181553	0.000542837850362113
cpagomiscuentas_mean6	0.000406807830316067	0.000834601861989981	0.0017344331316448
canarito4	0.000402320625651114	0.000602877932508946	0.00174767307921461
mplazo_fijo_dolares_mean6	0.000398215954236021	0.00206424626646762	0.00083411669689788
canarito55	0.000397551278066973	0.000571813814813792	0.00180063286949384
mv_mfinanciacion_limite	0.000392273772504326	0.000591454305452692	0.00111215559586384
mvr_msaldopesos_mean6	0.000390028749680817	0.000541010532698651	0.00124455507156192
mv_mfinanciacion_limite_delta1	0.000381023567954366	0.00334470372745693	0.000860596592037496
ctarjeta_visa_trx_delta1	0.000380905535756415	0.00195516711243195	0.00111215559586384
Master_msaldopesos_mean6	0.000377589921540186	0.00051536476707731	0.0010459558580148
mv_cconsumos_delta1	0.000376682372618117	0.00326534154533987	0.0010459558580148
catm_trx_mean6	0.000376534819762487	0.000689044123578434	0.00136371459969019
mvr_mconsumospesos_mean6	0.000375618284043106	0.000599210064296961	0.00131075480941096
Master_cconsumos_mean6	0.000375127825734068	0.00128081291731862	0.00160203365594672
Master_msaldopesos	0.000371724726013678	0.00235670888906726	0.000926796329886534
Master_fultimo_cierre	0.000371324898395815	0.000526798164754414	0.00153583391809768
Visa_mconsumospesos_delta1	0.000371188997383028	0.000611122793777071	0.00144315428510903
ccaja_seguridad_mean6	0.000365662299042315	0.000412032109416882	0.00022507910868673
mprestamos_prendarios	0.000359213011622031	0.00364889709458108	0.000516357955222497
mvr_msaldototal_mean6	0.000356806233727783	0.000581696597820498	0.00127103496670153
Master_mconsumospesos_mean6	0.000356393258282261	0.00106408854784881	0.00148287412781845
mvr_Master_mlimitecompra_mean6	0.000353850272884748	0.000942255591006029	0.00128427491427134
Master_mlimitecompra_mean6	0.000348345728245811	0.000617846295099215	0.00132399475698076
ctransferencias_recibidas	0.00034601082851952	0.00142950571084607	0.00112539554343365
Master_mpagospesos_mean6	0.000343742626735531	0.0014531211871652	0.00160203365594672
mv_fultimo_cierre	0.000340665015303478	0.000578056270188922	0.00137695454725999
cprestamos_hipotecarios_mean6	0.000339761328000324	0.00408285436290998	0.000595797640641343
mv_msaldototal_lag1	0.000338628015728102	0.000574354519063696	0.000529597902792305
Master_fultimo_cierre_lag1	0.000334966417458164	0.000568133604764944	0.00132399475698076
mvr_Master_mlimitecompra	0.000333584759817366	0.000688003809579468	0.00119159528128269
mvr_Visa_mlimitecompra	0.000333497959726773	0.000546558816888334	0.00123131512399211
mv_mfinanciacion_limite_lag1	0.000332471166071949	0.000375287832719632	0.00103271591044499
Master_msaldototal	0.000331912778648737	0.00109777182045134	0.00108567570072423
mvr_Visa_mlimitecompra_mean6	0.000329355025215601	0.000805738762340313	0.00129751486184115
mvr_mconsumosdolares_mean6	0.000328392190184608	0.000404029342420939	0.00129751486184115
ctarjeta_visa_descuentos_mean6	0.000324080160886518	0.00465370540017214	0.00103271591044499
mv_status05_mean6	0.000320330449300533	0.000283180989896837	0.000569317745501728
mv_mconsumosdolares_mean6	0.000319874475849412	0.000487969946047482	0.0012180751764223
cliente_vip_delta1	0.000314823955810376	0.000342918794328681	0.000476638112513075
mpagomiscuentas_lag1	0.000314361864766636	0.00192839321150026	0.00133723470455057
mvr_Visa_mlimitecompra_lag1	0.000308622768177507	0.000616329791894593	0.00105919580558461
Master_msaldototal_mean6	0.000305781744336829	0.000534102703757422	0.00109891564829403
mextraccion_autoservicio_mean6	0.000304068737531248	0.000553533954550976	0.00123131512399211
Visa_fultimo_cierre_lag1	0.000303665637389079	0.000436944735645641	0.0012180751764223
Visa_cconsumos_delta1	0.000301615875081179	0.00119843984125002	0.00107243575315442
Visa_mconsumosdolares	0.000300269179531692	0.000560492807845535	0.00116511538614307
Master_mpagominimo_lag1	0.000300218663712227	0.000648753225788758	0.000887076487177111
Visa_mconsumototal	0.000293699225822768	0.00047252482287022	0.000940036277456341
mv_cconsumos_lag1	0.000289764776585049	0.00090239442911937	0.000979756120165764
cmobile_app_trx	0.000288263430018297	0.000670354582897505	0.00113863549100346
cliente_vip_lag1	0.000284627818642629	0.000423835133680425	0.000397198427094229
Visa_mconsumototal_mean6	0.000284013046989906	0.000325974480801287	0.000940036277456341
Visa_msaldototal_lag1	0.000283284903001968	0.000398347354998566	0.000847356644467688
Visa_mconsumosdolares_lag1	0.000281243266533673	0.000487449703340799	0.00128427491427134
mvr_mpagado_mean6	0.000280321322871898	0.000690091979811039	0.00108567570072423
mv_fultimo_cierre_lag1	0.000278721561447501	0.000712622574386979	0.00125779501913172
mvr_msaldototal_delta1	0.0002728493464072	0.00105529024661836	0.000992996067735572
Visa_msaldopesos_delta1	0.000270697271756977	0.00108234669562085	0.00111215559586384
mv_mconsumospesos_mean6	0.000270489836593582	0.000874372802763642	0.000940036277456341
mv_mpagospesos_lag1	0.00027017478592031	0.000496814072061097	0.00101947596287519
Master_mpagospesos	0.000269724491244079	0.00147413173597223	0.00113863549100346
mvr_msaldodolares2_mean6	0.000265995711032862	0.000736557967116297	0.00116511538614307
mv_mpagado_mean6	0.000261561871881153	0.00186013091177431	0.000992996067735572
mv_cconsumos	0.000260690085769931	0.000443105712042218	0.000635517483350766
internet_lag1	0.00025964196929365	0.000588050929661272	0.000940036277456341
mv_msaldopesos_lag1	0.000253354445109646	0.000483236108814533	0.000767916959048842
mv_mlimitecompra	0.0002491185100811	0.000328787048290993	0.000661997378490381
mautoservicio_lag1	0.000248422325689856	0.000536488677941462	0.00137695454725999
Visa_msaldototal_delta1	0.00024666212290313	0.000587527144390304	0.000979756120165764
mvr_msaldodolares_mean6	0.000245910164337559	0.00100822150914146	0.00128427491427134
mv_mconsumospesos	0.000244534459444513	0.000511380239328759	0.000754677011479035
mtarjeta_master_consumo_lag1	0.000242846728201428	0.000906803893167713	0.000741437063909227
mvr_mconsumospesos	0.000242165286029008	0.000273293521563173	0.000860596592037496
ccuenta_debitos_automaticos	0.000239239458303702	0.000961258020106705	0.000807636801758265
Visa_mconsumototal_lag1	0.000238745356091104	0.000543473643363088	0.000767916959048842
mv_fultimo_cierre_delta1	0.000232048757108954	0.0003020129759449	0.000728197116339419
Visa_mpagado	0.000231497069212112	0.00144417935494308	0.000661997378490381
tpaquete7	0.000230747807584676	0.000904230963010442	0.000198599213547114
mcuenta_debitos_automaticos_lag1	0.000228476647262557	0.00081450889447088	0.000860596592037496
ctransferencias_emitidas	0.000228427385764933	0.000460153217038944	0.000847356644467688
mtarjeta_visa_consumo_delta1	0.000227667926086077	0.000941797343174333	0.00113863549100346
Master_msaldopesos_lag1	0.000225313680348813	0.000954296481319866	0.000820876749328073
mvr_mconsumospesos_lag1	0.000219742080272032	0.000536854361996681	0.000873836539607303
mvr_mpagospesos_lag1	0.000219587282725653	0.000582531443090938	0.00101947596287519
mvr_Master_mlimitecompra_lag1	0.00021916923048734	0.000536484849686508	0.000794396854188457
mv_mpagospesos_delta1	0.000217572744970387	0.00056752262670206	0.000887076487177111
tmobile_app_lag1	0.000217341002745292	0.000248286274585126	0.000741437063909227
ctarjeta_debito_trx_lag1	0.000215440920676618	0.000749238975941169	0.00123131512399211
ccajas_otras_delta1	0.000215042076243472	0.00197746412631762	0.000370718531954614
Master_mpagosdolares_mean6	0.00021480417590525	0.00283348621753275	0.000767916959048842
minversion1_pesos	0.000214242656603508	0.00217952982188142	0.000304518794105575
active_quarter_mean6	0.00021263523451558	0.000155837802861369	0.000238319056256537
mv_mlimitecompra_lag1	0.000211590019088861	0.000265044317796893	0.000648757430920574
Master_mpagospesos_lag1	0.000210208605324405	0.00066887819066269	0.000900316434746918
mtransferencias_recibidas_delta1	0.00020999584291254	0.000796745734350463	0.00100623601530538
Master_mpagominimo_delta1	0.000206668878803127	0.0011393975221807	0.000595797640641343
ctarjeta_master_trx_mean6	0.000205624006397643	0.000815679940519587	0.000754677011479035
Visa_delinquency	0.000203503243989963	0.000297824407921163	0.000119159528128269
ctarjeta_debito_trx	0.000202636369752755	0.000533690623537697	0.000913556382316726
ctarjeta_visa_debitos_automaticos_lag1	0.000202054593340806	0.00091406180745368	0.000728197116339419
Master_msaldototal_lag1	0.000198763666890414	0.000292955439002184	0.000622277535780958
cforex_mean6	0.000197226248990433	0.000307227744848596	0.000767916959048842
tpaquete9	0.000195673439227349	0.00211651777384015	0.000383958479524421
ctarjeta_debito	0.000194442980998432	0.000355614316239494	0.000741437063909227
mvr_mconsumototal_mean6	0.000194128959034731	0.000212643221137289	0.000609037588211151
Master_msaldototal_delta1	0.00019407882226858	0.00105128652045691	0.000529597902792305
Master_mconsumosdolares_mean6	0.000193407951031352	0.000342409007900452	0.000714957168769612
mvr_mpagospesos_delta1	0.000193319000536249	0.000518471595955201	0.000767916959048842
ccuenta_debitos_automaticos_delta1	0.000191313781287021	0.00364147176556358	0.000622277535780958
Visa_mconsumosdolares_delta1	0.000189209817031267	0.000315161317564716	0.000688477273629996
mvr_msaldopesos2_delta1	0.000188120960551901	0.000416679953758721	0.000807636801758265
Master_mconsumototal_mean6	0.000186275640579442	0.000430179809176616	0.000714957168769612
cforex_sell_mean6	0.000186201520552096	0.000536475136203792	0.000648757430920574
Visa_fultimo_cierre_delta1	0.00018417016058799	0.000197761308543199	0.00055607779793192
mv_status01_delta1	0.000182950186260943	0.000785291824083387	0.000370718531954614
Master_fultimo_cierre_delta1	0.000181897532296409	0.000318424247823678	0.000595797640641343
cmobile_app_trx_delta1	0.00018170427422276	0.00088919814860544	0.000688477273629996
sb_call_hombk_lag1	0.000180866703730352	0.00147091840161326	0.000820876749328073
mplazo_fijo_dolares_delta1	0.000174423648153889	0.00219955508071217	0.000450158217373459
mv_mconsumospesos_lag1	0.000171733651787329	0.000266892507867225	0.000582557693071535
Master_mlimitecompra_delta1	0.000169734306425216	0.000719824836130793	0.000383958479524421
ccheques_depositados_mean6	0.00016529960509399	0.00170173120641546	0.000423678322233844
ccomisiones_otras_delta1	0.000164647087495418	0.000203294165436802	0.00050311800765269
mextraccion_autoservicio_lag1	0.000162382570592145	0.000315494204331233	0.00083411669689788
mv_mconsumosdolares	0.000161628596627856	0.00093490694136386	0.000569317745501728
ccajas_trx_delta1	0.000160847011402943	0.000877018184074353	0.000410438374664036
ccallcenter_trx_delta1	0.000160459786340751	0.000328928350895456	0.000211839161116922
ctransferencias_recibidas_lag1	0.000160398999370447	0.000440612089614423	0.000754677011479035
mv_msaldodolares_mean6	0.000156890881550396	0.000801296272450733	0.00083411669689788
mvr_msaldopesos_delta1	0.000154748719985726	0.000544748623676864	0.000582557693071535
sb_invcomunes_mean6	0.00015304029372993	0.00190757738945263	0.000569317745501728
tcuentas_lag1	0.000152301764491831	0.00277944788479216	0.000463398164943267
mautoservicio_delta1	0.000150691331999996	0.000464217795312708	0.000767916959048842
ctarjeta_visa_debitos_automaticos	0.000150255100066475	0.000394186384693372	0.000569317745501728
Master_mpagospesos_delta1	0.00014768119806773	0.000814146638703679	0.000648757430920574
ctarjeta_debito_delta1	0.000147483552872182	0.00327368228439622	0.000463398164943267
mv_status07_mean6	0.000145984517864254	0.000216246751810808	0.000158879370837691
Visa_mlimitecompra_delta1	0.000144697137526295	0.000290619117856267	0.000357478584384806
cseguro_accidentes_personales_mean6	0.000142930403654164	0.000527323949860059	0.000463398164943267
mcheques_depositados_mean6	0.000141585745177245	0.00138659302979487	0.000450158217373459
ctarjeta_debito_lag1	0.000140304094533187	0.000358645208537794	0.00055607779793192
cpagomiscuentas	0.000139787974474368	0.00127594474833351	0.000569317745501728
Master_delinquency	0.000139392206549136	0.00016388228069486	0.000105919580558461
Visa_mpagosdolares	0.000139263429039432	0.000367057370261181	0.000357478584384806
mprestamos_hipotecarios_mean6	0.000138660394898055	0.00167319002301066	0.000238319056256537
matm_other_mean6	0.000136551197163195	0.000329488647433812	0.000714957168769612
mv_msaldototal_delta1	0.000136545228122705	0.000626313195154619	0.00050311800765269
Visa_mpagosdolares_mean6	0.00013556841949403	0.000231298593214308	0.00050311800765269
Visa_mfinanciacion_limite_delta1	0.000134449042775277	0.000255322492912617	0.00027803889896596
ctransferencias_emitidas_lag1	0.000134018964652583	0.000284377119586206	0.000609037588211151
mv_mconsumototal	0.000133309242394957	0.000135106545251509	0.000436918269803652
catm_trx_other_mean6	0.000131851541202016	0.000334156375846154	0.000582557693071535
Visa_mconsumototal_delta1	0.000131067258922552	0.00034518569264224	0.000542837850362113
mprestamos_prendarios_lag1	0.000130156308933395	0.00318411860276308	0.000463398164943267
ctransferencias_emitidas_delta1	0.00012887809298981	0.000680077150577518	0.000476638112513075
Master_msaldopesos_delta1	0.000127809584210675	0.000332233506235169	0.000450158217373459
minversion1_pesos_lag1	0.000126241769099594	0.00300829313796289	0.000463398164943267
ccajas_otras	0.000125948041579042	0.0016594448735851	0.00027803889896596
mvr_mpagosdolares_mean6	0.000125266189698832	0.000554511416602951	0.00050311800765269
mextraccion_autoservicio	0.000125115520689581	0.000255508991780779	0.000516357955222497
mvr_mconsumosdolares_lag1	0.000124447942912541	0.000405192160578403	0.00050311800765269
mv_msaldopesos_delta1	0.000123467623544626	0.00109028735346554	0.00055607779793192
mv_mconsumospesos_delta1	0.000122672550646919	0.00033170229300683	0.000661997378490381
mvr_msaldodolares_lag1	0.000121737726151671	0.0010293292499138	0.000635517483350766
ccomisiones_mantenimiento_lag1	0.000121324740010066	0.000116394834974733	0.000317758741675383
cextraccion_autoservicio_lag1	0.000120949478322587	0.000342806003652899	0.000595797640641343
Visa_status_delta1	0.000120538522528446	0.000737036498985432	0.00027803889896596
Master_Finiciomora_mean6	0.000116407799717435	0.000404021228805964	0.000211839161116922
Visa_msaldodolares_mean6	0.000114581822350429	0.000403409679361743	0.000476638112513075
ctransferencias_recibidas_delta1	0.000112310142681071	0.000274689748996508	0.000436918269803652
mv_mconsumosdolares_delta1	0.000110429640831242	0.000294552278422687	0.000370718531954614
mvr_mconsumototal_lag1	0.000105599408760947	0.000248223479776269	0.000450158217373459
ctarjeta_visa_debitos_automaticos_delta1	0.000105463572997085	0.000340016348554778	0.000198599213547114
mcaja_ahorro_adicional	0.000104064796855394	0.00378318867863265	0.000529597902792305
mvr_mconsumospesos_delta1	0.000103357476358268	0.000534174354976992	0.000542837850362113
mforex_buy_mean6	0.000101150238416121	0.00135410628684864	0.000370718531954614
mv_status06_mean6	9.66856797098746e-05	0.000103069593693205	0.000211839161116922
mvr_mconsumototal	9.64548952053841e-05	0.00017245905738123	0.000383958479524421
Visa_mpagado_delta1	9.51421226779556e-05	0.000438329592590384	0.000264798951396153
mprestamos_hipotecarios_lag1	9.30670284732375e-05	0.00235539916876824	0.000330998689245191
ccajas_consultas_delta1	9.11892780062465e-05	0.000649268668892217	0.00022507910868673
thomebanking_lag1	8.82032211281671e-05	0.000104250010395826	0.000423678322233844
mv_mconsumosdolares_lag1	8.72891123792427e-05	0.000190731718239209	0.000397198427094229
mv_mconsumototal_lag1	8.71989416447814e-05	0.000252898464731581	0.000291278846535768
mcaja_ahorro_adicional_mean6	8.46811352207816e-05	0.00213583469122832	0.000330998689245191
matm_lag1	8.33815206765257e-05	0.000288359304671278	0.000450158217373459
mvr_mconsumosdolares	8.31942405427097e-05	0.000257030237450492	0.000383958479524421
Visa_fechaalta_delta1	8.24396700042806e-05	0.00014596284777897	0.000211839161116922
mvr_msaldodolares2_delta1	8.20320785023416e-05	0.00258604570160158	0.000463398164943267
ccajas_otras_mean6	8.12480910417652e-05	0.000405486879071657	0.00022507910868673
mcaja_ahorro_adicional_lag1	8.10998162806243e-05	0.00233994764612001	0.000330998689245191
ccallcenter_trx_lag1	8.08391500363291e-05	0.000519303184352024	0.000291278846535768
Master_mconsumospesos	8.06021346641244e-05	0.00017677744324457	0.000344238636814998
mttarjeta_master_debitos_automaticos_mean6	8.03432250170969e-05	0.000451794365194232	0.000304518794105575
ccajas_trx	7.95173380202611e-05	0.000512841889925098	0.000238319056256537
ccheques_emitidos_mean6	7.88013933663921e-05	0.00146601760675385	0.00027803889896596
mv_mconsumototal_mean6	7.77513162378369e-05	0.000412887810106095	0.000330998689245191
Master_Fvencimiento_delta1	7.74955166001099e-05	0.000201937477591938	0.000291278846535768
Visa_Fvencimiento_delta1	7.24277721787812e-05	6.50703921670819e-05	0.000211839161116922
Master_mconsumospesos_lag1	7.11059310408158e-05	0.000146040155673768	0.000370718531954614
mv_mpagosdolares_mean6	6.95309515948783e-05	0.000159610919515496	0.000264798951396153
ccajas_trx_lag1	6.9301642825704e-05	0.000311444939077281	0.000304518794105575
catm_trx	6.91676181671939e-05	0.000288653337506928	0.000291278846535768
mv_status04_mean6	6.88034989726692e-05	8.88365988827282e-05	0.000211839161116922
mcheques_emitidos_mean6	6.75473186174354e-05	0.00189250537828796	0.000330998689245191
ctarjeta_debito_trx_delta1	6.64565275474988e-05	0.000489537759296102	0.000357478584384806
mtarjeta_master_consumo_mean6	6.544103522376e-05	0.000119552116824617	0.00027803889896596
mextraccion_autoservicio_delta1	6.50759643348858e-05	0.000258130432213499	0.000330998689245191
cpagomiscuentas_lag1	6.46393546531253e-05	0.000220042552303986	0.000370718531954614
tcuentas_mean6	6.44016520040441e-05	0.00148031305354438	0.000264798951396153
mforex_sell_lag1	6.27186575910611e-05	0.000170899929128922	0.000251559003826345
cextraccion_autoservicio	6.24095188862201e-05	0.000120466155548265	0.000238319056256537
cpayroll_trx_delta1	6.23265050453609e-05	0.000178513414020457	0.00022507910868673
mvr_mconsumototal_delta1	6.15703801367414e-05	0.000250538259845808	0.00027803889896596
mtarjeta_visa_descuentos_mean6	6.14440421237646e-05	0.000314791405287608	0.00022507910868673
Master_fechaalta_delta1	6.07633474147412e-05	0.000126743122356106	0.000450158217373459
mv_Fvencimiento_delta1	6.00355205882665e-05	0.000101147581154225	0.000172119318407499
mvr_mpagado	5.86889267709103e-05	0.000328392909445227	0.000211839161116922
tpaquete9_mean6	5.81785345359728e-05	0.000241857377479967	0.000172119318407499
ctarjeta_master_debitos_automaticos_mean6	5.72752649613719e-05	0.000261807385388731	0.000198599213547114
mvr_mpagado_lag1	5.58459555428326e-05	0.00152011684874488	0.000264798951396153
Master_delinquency_lag1	5.41556549803696e-05	0.000531032843251989	0.000105919580558461
mv_fechaalta_delta1	5.34165596418864e-05	0.000102110073015189	0.000119159528128269
mv_status03_delta1	5.28909734330175e-05	0.00117850440356534	0.000238319056256537
Master_mconsumospesos_delta1	5.27904864572041e-05	0.000136234737699995	0.000211839161116922
mvr_mconsumosdolares_delta1	5.26808773774055e-05	0.000154622874726036	0.000238319056256537
catm_trx_lag1	5.22237055436497e-05	0.000107520597164695	0.000264798951396153
ccuenta_debitos_automaticos_lag1	5.15253375432957e-05	0.00049865312003005	0.00027803889896596
thomebanking_delta1	5.13059375304717e-05	0.000207497246546481	0.000172119318407499
Master_delinquency_mean6	4.84298589675417e-05	0.000202527543097915	0.000105919580558461
Master_mpagado_mean6	4.80348177233116e-05	0.000159008797863324	0.000145639423267884
ctarjeta_master_descuentos_mean6	4.70667872077197e-05	0.000627084845649265	0.000158879370837691
Master_mconsumototal_lag1	4.62153216951869e-05	5.07199784919998e-05	0.000172119318407499
ctarjeta_master_trx	4.60097147188263e-05	0.000134318210421843	0.000145639423267884
mcuenta_debitos_automaticos_delta1	4.45951117420896e-05	0.000355196693620807	0.000251559003826345
Visa_msaldodolares_lag1	4.44284502231619e-05	0.000108685986538173	0.000172119318407499
Master_cconsumos_lag1	4.37743939841586e-05	0.000103209467844326	0.000198599213547114
mvr_msaldodolares2_lag1	4.29736838733311e-05	0.000424380974270974	0.000317758741675383
mv_mpagado	4.2559551739529e-05	0.000803122407201485	0.00050311800765269
cseguro_vivienda_mean6	4.02406759310954e-05	0.000136778807008401	0.000145639423267884
Master_mconsumototal	3.99883549105268e-05	9.42874054164419e-05	0.000158879370837691
mforex_sell	3.98928178928037e-05	0.000226807193082343	0.000238319056256537
Master_cconsumos	3.97114410144491e-05	0.000142504162274197	0.000198599213547114
Master_msaldodolares_mean6	3.95206447978759e-05	8.73378656376648e-05	0.000105919580558461
mv_status05	3.87536390564404e-05	6.36546234920464e-05	9.26796329886534e-05
active_quarter_lag1	3.84380256195419e-05	4.92341584651363e-05	7.94396854188457e-05
matm_other	3.74300166664533e-05	0.000329744569134332	0.000132399475698076
mv_mlimitecompra_delta1	3.46077258445683e-05	0.000242529550483968	0.000105919580558461
Visa_mpagosdolares_delta1	3.41978970971656e-05	2.38527709880927e-05	6.61997378490381e-05
mttarjeta_master_debitos_automaticos_lag1	3.37067958063113e-05	0.000372102781736804	0.000238319056256537
ccheques_depositados_lag1	3.2922226336329e-05	0.000593236558116818	0.000119159528128269
Visa_msaldodolares_delta1	3.25762733451511e-05	0.000148479154045815	0.000132399475698076
Master_mconsumosdolares	3.22421418472068e-05	6.59824310560526e-05	0.000185359265977307
ccajas_extracciones	3.20425502991125e-05	0.000255810852540736	0.000172119318407499
Visa_mpagosdolares_lag1	3.1947047425541e-05	5.507853246328e-05	0.000158879370837691
mv_mpagosdolares_delta1	3.05495764799622e-05	9.60973129372436e-05	7.94396854188457e-05
Master_msaldodolares_lag1	3.04919072439551e-05	4.32121991476767e-05	6.61997378490381e-05
mplazo_fijo_dolares_lag1	3.01483623907104e-05	0.00032762377302846	0.000158879370837691
matm_other_delta1	2.99655671037839e-05	0.000205459929253839	0.000119159528128269
ctarjeta_master_trx_delta1	2.94211298284911e-05	0.000240515202721045	0.000105919580558461
Master_mconsumosdolares_lag1	2.92276389301476e-05	3.93991429381433e-05	0.000119159528128269
matm_other_lag1	2.8875738372996e-05	7.79168158888069e-05	0.000158879370837691
cpagomiscuentas_delta1	2.80255880005924e-05	0.000684602205070191	0.000145639423267884
cliente_vip	2.5717671212573e-05	7.7943842226013e-05	6.61997378490381e-05
cextraccion_autoservicio_delta1	2.53812118935611e-05	5.58349270762479e-05	0.000105919580558461
mv_mconsumototal_delta1	2.50109854931885e-05	7.62034718138366e-05	0.000119159528128269
Master_cconsumos_delta1	2.47615957589335e-05	7.61416483532511e-05	0.000145639423267884
matm	2.43370642571532e-05	9.52868085117299e-05	0.000185359265977307
cseguro_vivienda	2.407111464001e-05	0.000111848525096351	6.61997378490381e-05
catm_trx_other	2.3690977415011e-05	0.000301493361757687	9.26796329886534e-05
mcheques_depositados_lag1	2.33123829046823e-05	0.0005157439928702	7.94396854188457e-05
mpagomiscuentas_delta1	2.30049699027901e-05	0.000145867827062746	0.000251559003826345
Visa_msaldodolares	2.18704046737232e-05	8.17649549123879e-05	0.000105919580558461
minversion2_lag1	2.18572961481943e-05	0.000945248029340397	0.000132399475698076
mvr_mpagosdolares_delta1	2.16011887739038e-05	0.000604633673079068	0.000291278846535768
mvr_mpagado_delta1	2.13939850842751e-05	0.000323643416363664	0.000119159528128269
cseguro_vida_lag1	2.11793992205889e-05	0.000393225435562016	9.26796329886534e-05
ctarjeta_master_trx_lag1	2.10728760151906e-05	2.99030708198318e-05	0.000105919580558461
Visa_mpagado_lag1	2.10680269781437e-05	0.000123291807670572	7.94396854188457e-05
Master_mpagosdolares	2.10556088897146e-05	2.4198513834676e-05	6.61997378490381e-05
ctarjeta_visa	2.10138544664726e-05	4.47489292516027e-05	2.64798951396153e-05
cforex_lag1	2.05632085857942e-05	6.86313549310484e-05	6.61997378490381e-05
Master_madelantopesos_mean6	2.02584331758417e-05	3.7567522926563e-05	0.000132399475698076
catm_trx_other_lag1	1.91836044255267e-05	5.15252833473533e-05	7.94396854188457e-05
catm_trx_delta1	1.90434067177302e-05	9.83623256923926e-05	7.94396854188457e-05
ctarjeta_master_mean6	1.90042102587144e-05	2.74387602545883e-05	7.94396854188457e-05
ccajas_extracciones_lag1	1.88899700509135e-05	9.90373556030742e-05	0.000119159528128269
Master_status_lag1	1.8446747050836e-05	0.000208425741217936	5.29597902792305e-05
mv_msaldodolares_lag1	1.84176792297924e-05	0.000102659170479355	0.000132399475698076
cseguro_accidentes_personales_lag1	1.83092176402786e-05	8.58699869847605e-05	0.000105919580558461
Master_mconsumototal_delta1	1.67948188394629e-05	3.16238999903074e-05	9.26796329886534e-05
mv_status02_delta1	1.66413260032574e-05	9.37237377282013e-05	9.26796329886534e-05
mtarjeta_master_consumo_delta1	1.65802502644083e-05	2.40912655578561e-05	6.61997378490381e-05
mcheques_emitidos_rechazados_mean6	1.64856676609995e-05	0.000660680182664141	0.000105919580558461
Visa_cadelantosefectivo_mean6	1.64008662413751e-05	1.40927778305534e-05	3.97198427094229e-05
cseguro_vida_mean6	1.59017575256893e-05	0.000121632116303078	0.000105919580558461
tcallcenter_delta1	1.52223338383594e-05	6.33052809430446e-05	3.97198427094229e-05
mvr_msaldodolares2	1.50043338671764e-05	0.000117999445181409	9.26796329886534e-05
cseguro_vivienda_lag1	1.46232543370741e-05	4.68127586382474e-05	3.97198427094229e-05
Master_mpagosdolares_lag1	1.44437775982273e-05	1.52097712048478e-05	5.29597902792305e-05
mvr_msaldodolares_delta1	1.43908774497999e-05	0.000117357555388231	7.94396854188457e-05
cseguro_vida	1.43407823251167e-05	5.06782676544513e-05	3.97198427094229e-05
mv_status03_mean6	1.39229770759427e-05	0.000282636520621495	0.000383958479524421
mv_status03	1.36516524225546e-05	1.55100892351968e-05	5.29597902792305e-05
mvr_mpagosdolares	1.33394012130346e-05	0.000120733104908575	7.94396854188457e-05
Master_cadelantosefectivo_mean6	1.29272513769246e-05	2.73609952547205e-05	7.94396854188457e-05
mv_msaldodolares_delta1	1.28680345443203e-05	8.91038339337065e-05	5.29597902792305e-05
mv_status02_lag1	1.24065136722163e-05	1.74890684934038e-05	1.32399475698076e-05
minversion2_mean6	1.2055700165033e-05	0.000452402029245366	6.61997378490381e-05
matm_delta1	1.17342578409943e-05	0.00012915766560696	0.000198599213547114
mv_status04_lag1	1.17283554198334e-05	3.13995185395501e-05	2.64798951396153e-05
Visa_madelantopesos_mean6	1.14882466968212e-05	7.12746792689486e-06	2.64798951396153e-05
Master_cadelantosefectivo_delta1	1.11292873885456e-05	2.31883687702659e-06	1.32399475698076e-05
mv_mpagado_lag1	1.09457348428226e-05	7.54509625939554e-05	6.61997378490381e-05
mforex_sell_delta1	1.09442648580925e-05	2.72688314451785e-05	2.64798951396153e-05
tcallcenter_lag1	1.08835167879936e-05	0.000136496087523209	5.29597902792305e-05
ctarjeta_master_debitos_automaticos_lag1	1.03295433388172e-05	3.69551164103377e-05	6.61997378490381e-05
cplazo_fijo_lag1	1.01015337427189e-05	0.000159969347027745	3.97198427094229e-05
cforex_buy_mean6	1.00733548605922e-05	9.68023403680799e-05	7.94396854188457e-05
mv_status07_lag1	1.00651702183247e-05	1.24871391374719e-05	2.64798951396153e-05
Master_mconsumosdolares_delta1	1.00389958750859e-05	1.69709398976648e-05	6.61997378490381e-05
minversion1_pesos_delta1	9.13830208293461e-06	1.05747258049415e-05	3.97198427094229e-05
mttarjeta_master_debitos_automaticos_delta1	8.98032274803464e-06	6.51429575967895e-05	5.29597902792305e-05
mttarjeta_master_debitos_automaticos	8.69348228595365e-06	9.72473321527751e-05	9.26796329886534e-05
Master_madelantodolares	8.47510778051992e-06	3.50771002342514e-06	1.32399475698076e-05
mv_mpagado_delta1	8.16034675768275e-06	9.74719992942005e-05	3.97198427094229e-05
mvr_Master_mlimitecompra_delta1	7.43642479220639e-06	3.09213294992171e-05	5.29597902792305e-05
mv_status01_lag1	7.4302560005145e-06	4.76230345112266e-05	2.64798951396153e-05
mprestamos_prendarios_mean6	7.34750245336902e-06	0.000143684064733616	2.64798951396153e-05
ctarjeta_visa_delta1	7.24071065886149e-06	0.000135235677433509	2.64798951396153e-05
Master_msaldodolares	6.61981197240649e-06	1.02557236048962e-05	1.32399475698076e-05
Visa_delinquency_delta1	6.49007463897004e-06	1.17966247925771e-05	2.64798951396153e-05
cforex_sell_lag1	5.80257154062614e-06	3.43527601142488e-05	3.97198427094229e-05
Master_madelantopesos	5.61344547517518e-06	8.94674610161153e-06	1.32399475698076e-05
Visa_madelantopesos_lag1	5.5755115169499e-06	7.50532240457706e-06	1.32399475698076e-05
Master_mpagosdolares_delta1	5.20333485258273e-06	5.45012087611023e-06	2.64798951396153e-05
ccajas_extracciones_delta1	5.13773062448006e-06	6.12466511265601e-05	2.64798951396153e-05
Master_mpagado	5.03912090493203e-06	8.35685201003569e-06	2.64798951396153e-05
mv_status06_lag1	4.46672482361001e-06	3.3539513058321e-06	1.32399475698076e-05
mv_mpagosdolares	4.3061843756585e-06	2.97021731419957e-05	2.64798951396153e-05
ccajas_depositos	4.0864274965619e-06	3.08265944736618e-06	1.32399475698076e-05
cprestamos_prendarios_mean6	4.08626921059573e-06	3.72437211232929e-05	1.32399475698076e-05
mv_mpagosdolares_lag1	3.48609776554379e-06	8.45712943455289e-06	1.32399475698076e-05
Master_status_delta1	3.46506828970533e-06	2.6779500468788e-06	1.32399475698076e-05
cliente_edad_delta1	3.39525156162804e-06	1.8420077242739e-05	1.32399475698076e-05
ctarjeta_visa_lag1	3.191092104932e-06	8.05315711598931e-05	1.32399475698076e-05
Visa_cadelantosefectivo	3.17507329752255e-06	1.97309403044334e-06	1.32399475698076e-05
mcheques_emitidos	2.85841686953842e-06	8.6257326392625e-05	1.32399475698076e-05
tpaquete7_delta1	2.74520053823742e-06	2.78028444420661e-06	1.32399475698076e-05
mv_status05_lag1	2.53495089517644e-06	2.16822075678309e-06	1.32399475698076e-05
active_quarter	2.48510974132955e-06	4.64784434183897e-06	1.32399475698076e-05
Master_mpagado_lag1	2.15449992093982e-06	1.84185345131311e-05	2.64798951396153e-05
mprestamos_prendarios_delta1	2.02643448003404e-06	2.24461444144377e-06	1.32399475698076e-05
cforex_sell	1.75998165781933e-06	3.77163106265304e-06	1.32399475698076e-05
cforex	1.5587060452569e-06	3.87722233359765e-06	1.32399475698076e-05
ccajas_consultas_lag1	1.49095734578967e-06	8.48056178315375e-05	6.61997378490381e-05
cplazo_fijo_delta1	1.43857645968354e-06	1.93721128252494e-06	1.32399475698076e-05
mcheques_depositados_rechazados_delta1	1.4091579232215e-06	1.17133173937474e-05	1.32399475698076e-05
minversion2_delta1	8.10881990847741e-07	1.48657996404071e-05	1.32399475698076e-05
cforex_sell_delta1	7.11600935927572e-07	2.18409944411832e-05	2.64798951396153e-05
ctarjeta_master_debitos_automaticos_delta1	4.43413378140939e-07	1.58539465233703e-05	1.32399475698076e-05
mvr_msaldodolares	2.96038571228254e-07	4.02522152732099e-05	3.97198427094229e-05
mtarjeta_visa_descuentos_delta1	1.48115011555255e-07	2.56833053751341e-05	2.64798951396153e-05
catm_trx_other_delta1	1.09426656058927e-07	4.06446399749672e-06	1.32399475698076e-05
ccheques_depositados_delta1	8.2680927723509e-08	1.42469936532154e-05	1.32399475698076e-05
Master_madelantopesos_lag1	8.03796160903942e-08	1.95400989381158e-06	1.32399475698076e-05
mcheques_depositados_delta1	7.75166210669176e-08	1.43396145678265e-05	1.32399475698076e-05
cpayroll2_trx_mean6	3.53153040193713e-08	6.90811463189683e-06	1.32399475698076e-05
Master_mpagado_delta1	3.22357321437487e-08	1.09913199372235e-05	1.32399475698076e-05
mpagodeservicios_mean6	1.32056859664627e-08	2.30514086639595e-05	2.64798951396153e-05
mtarjeta_visa_descuentos	1.05170035424472e-08	1.16762347450228e-05	1.32399475698076e-05
Master_madelantodolares_mean6	3.58883173051538e-15	4.10908887986022e-06	1.32399475698076e-05
