Feature	Gain	Cover	Frequency
ctrx_quarter_normalizado	0.180313770157671	0.010553370510885	0.00525589563472153
mcaja_ahorro	0.0793293614893951	0.00792415042841839	0.00753888610135474
mtarjeta_visa_consumo	0.0610701320591296	0.0117573881986038	0.00678625188158555
mcuentas_saldo	0.037152979193233	0.01503671001005	0.013785750125439
ctrx_quarter	0.0303739104119681	0.00298199149111784	0.00302308078273959
mcuenta_corriente	0.0273152444318036	0.00634337832475671	0.00805318615153036
cpayroll_trx	0.0256281672849253	0.0117391790416657	0.00395132965378826
Visa_status_mean6	0.0220986033636733	0.00312817575000593	0.00102860010035123
mdescubierto_preacordado	0.0210525031000001	0.0012339472555985	0.00109131961866533
mprestamos_personales	0.0184259169170789	0.01097063423749	0.00768941294530858
foto_mes	0.0170341163764958	0.0261442100023001	0.023118414450577
mdescubierto_preacordado_delta1	0.015389528395456	0.00800591003646744	0.00242097340692424
mprestamos_personales_mean6	0.0124624151115891	0.00493657998520724	0.00396387355745108
mv_status04	0.0115557287967181	0.00108404728725785	0.000363773206221776
Visa_Finiciomora_mean6	0.0102533516886336	0.0027100147871567	0.00116658304064225
mv_status01_mean6	0.00970125118467667	0.00153089002790617	0.00109131961866533
mpayroll_sobre_edad	0.00951979238781361	0.0100672111826238	0.00421475163070748
mpasivos_margen	0.00931127283205074	0.00611575450842366	0.00651028600100351
cproductos_delta1	0.00883159311417876	0.0065763296430332	0.00171851480180632
ctarjeta_visa_trx	0.00857131635831676	0.00557476466557958	0.00573256397390868
mv_Finiciomora	0.00800305142690563	0.00910874663602007	0.00243351731058706
mpayroll	0.00771999091507308	0.00755574358896226	0.0037255393878575
mv_Finiciomora_lag1	0.00770858653938813	0.00577968694977316	0.0023331660812845
mv_status07	0.00755132606313541	0.000543770770349276	0.000250878073256397
cprestamos_personales_mean6	0.00748917151026178	0.00320090428007266	0.00332413447064727
mv_status01	0.0071542718421822	0.00074134652710894	0.000451580531861515
mdescubierto_preacordado_mean6	0.00661790061529337	0.00316567317405782	0.00260913196186653
mactivos_margen_mean6	0.0054723109523302	0.00319745686330573	0.00588309081786252
mv_mpagospesos	0.00542293968335714	0.000413189445081164	0.00110386352232815
Visa_Finiciomora	0.00541033350436412	0.00484439942936657	0.00134219769192173
mcuenta_corriente_mean6	0.00523413564674148	0.00765474303844001	0.0117410938283994
mactivos_margen	0.00489751490876549	0.0077783649176252	0.0118289011540391
mcaja_ahorro_dolares_delta1	0.0046766514787684	0.00809373656347732	0.00452834922227797
ctrx_quarter_delta1	0.00462549136642294	0.00349635269097006	0.00731309583542398
mprestamos_personales_delta1	0.00452475095748966	0.0197479600729014	0.00701204214751631
mpasivos_margen_mean6	0.00442737462491834	0.00179719024579483	0.00446562970396387
ccaja_ahorro	0.00427731122325813	0.00934054858911013	0.00277220270948319
mv_status02	0.00419050387572866	0.000345941060392875	0.000175614651279478
mautoservicio	0.00384987498460446	0.00283818924194194	0.0015805318615153
Master_status	0.00381070129300889	0.00017274765296305	0.000200702458605118
cproductos	0.00380725148533692	0.00798030323054485	0.00806573005519318
Master_status_mean6	0.00378194440788157	0.000277959155695968	0.000188158554942298
ctrx_quarter_normalizado_delta1	0.00343858325552749	0.00302138694591961	0.00417711991971902
mcomisiones_mantenimiento	0.00342910827032517	0.00986216743701986	0.00692423482187657
mv_status07_delta1	0.00324502291817636	0.000781461756373765	0.000401404917210236
ccomisiones_mantenimiento_delta1	0.00319493064168013	0.00372779140529125	0.00199448068238836
mrentabilidad_mean6	0.00301321619291845	0.00218656960594154	0.00435273457099849
mv_status02_mean6	0.00294884833268588	0.000982667991718592	0.000664826894129453
ccomisiones_mantenimiento_mean6	0.00283641302439683	0.00689987882788249	0.00615905669844456
mrentabilidad_annual_delta1	0.0028336570998212	0.00497811613903243	0.00879327646763673
mtransferencias_recibidas	0.0026692748557409	0.00480823693536623	0.00432764676367286
mv_mpagospesos_mean6	0.00266580243959175	0.00189471832795396	0.00234570998494732
mcuentas_saldo_delta1	0.00266492987246569	0.0118416776234044	0.0080155544405419
cliente_edad_mean6	0.00266241194193198	0.00655017496681614	0.0108253888610135
mcuenta_corriente_lag1	0.00265260568245609	0.00263425858855701	0.00521826392373307
mcuenta_corriente_delta1	0.00265217944921481	0.00355221132145166	0.00437782237832413
mv_Finiciomora_mean6	0.0025743568944669	0.00387921212309569	0.00206974410436528
thomebanking_mean6	0.00248503869826343	0.00250311556259982	0.0042272955343703
mv_msaldototal	0.00247590243930649	0.00145154127824518	0.00169342699448068
cliente_edad	0.00244752352540999	0.00640937094355401	0.00901906673356749
mv_mpagominimo	0.0024261441645178	0.00511561257675656	0.0038509784244857
cprestamos_personales	0.00230505224143326	0.00276825491825622	0.00224535875564476
mcuenta_debitos_automaticos	0.00218349092660763	0.00795148705185581	0.00472905168088309
mtransferencias_emitidas_mean6	0.00217365157444688	0.00456574654786488	0.00696186653286503
cliente_edad_lag1	0.00214263365735658	0.00528607435397731	0.0081409934771701
mrentabilidad_annual_mean6	0.00214217513341593	0.00519454675397544	0.00689914701455093
Visa_status	0.00211970489253942	0.000161903053881331	0.000125439036628199
mv_msaldopesos	0.00209525689193216	0.00127742717380974	0.0015805318615153
mcaja_ahorro_lag1	0.00192273399226335	0.00354259915477308	0.00608379327646764
sb_call_hombk	0.00190815340759176	0.00350613481028915	0.00259658805820371
chomebanking_trx_delta1	0.00177855967540137	0.00605512999183864	0.00499247365780231
mpagomiscuentas	0.00171819665768463	0.00661712544650151	0.00253386853988961
mcaja_ahorro_delta1	0.00168934696666401	0.00564488302684757	0.00420220772704466
mcomisiones_otras_mean6	0.00168271737066096	0.001970277973737	0.00339939789262419
cplazo_fijo	0.00164120456188477	0.00728597151778122	0.00153035624686402
mrentabilidad_annual	0.00160497357172049	0.00203969959705811	0.00545659809332664
numero_de_cliente	0.00160012206744058	0.00441350478826016	0.0078901154039137
mv_status05_delta1	0.00157082140669284	0.000644149101684752	0.000363773206221776
mcomisiones_mantenimiento_mean6	0.00154763319394795	0.00179510588653841	0.00373808329152032
cpayroll_trx_mean6	0.00154713386434489	0.000965313137407118	0.00135474159558455
mprestamos_personales_lag1	0.00153675803862127	0.00322042999724365	0.00112895132965379
mcaja_ahorro_mean6	0.00153607671531834	0.00429106655327627	0.00585800301053688
thomebanking	0.0015347192443518	0.00169772276897555	0.00223281485198194
cprestamos_personales_delta1	0.00151125718076448	0.00176047496025532	0.000577019568489714
ccomisiones_mantenimiento	0.00150014130637713	0.00447220407997583	0.00159307576517812
mrentabilidad	0.00147749994135786	0.00273787747468359	0.00597089814350226
mpayroll_mean6	0.00147608983770925	0.00343286498572908	0.00269693928750627
tpaquete7_mean6	0.00146961406592645	0.00583321901939457	0.00129202207727045
Visa_mpagominimo	0.00144826693908008	0.00209022911346438	0.00393878575012544
chomebanking_trx	0.00143316853180564	0.00368247170520067	0.00526843953838435
mv_status04_delta1	0.00142722753784154	0.00225241280556763	0.000840441545408931
ccaja_seguridad	0.00140497643260233	0.00658639409755515	0.00185649774209734
Visa_cconsumos_mean6	0.00140269738144252	0.00328331654698885	0.00456598093326643
tcallcenter	0.00137395318766631	0.00112835185335385	0.000890617160060211
mtarjeta_visa_debitos_automaticos_mean6	0.0013708874293348	0.00245382450287901	0.00446562970396387
mcuentas_saldo_lag1	0.00136385848387266	0.00494501126527853	0.00570747616658304
Master_fechaalta	0.00133741991609192	0.00742618380379175	0.00644756648268941
mcomisiones_mean6	0.00128808895306799	0.0014159491819612	0.00324887104867035
Visa_fechaalta_mean6	0.00128775301827057	0.0023306138445986	0.0037882589061716
mvr_mpagominimo	0.00125399934443015	0.00425465002123014	0.0037882589061716
ctransferencias_recibidas_mean6	0.00123897901697134	0.00262810889935115	0.00484194681384847
mcaja_ahorro_dolares_mean6	0.0012298142312822	0.00169156947368521	0.00383843452082288
Visa_fechaalta_lag1	0.00120492034154045	0.00190607668801338	0.00307325639739087
sb_call_hombk_mean6	0.00119083666623386	0.0075081787406718	0.00481685900652283
ccomisiones_otras_mean6	0.00118499477693638	0.00290201825247322	0.00508028098344205
ctarjeta_visa_trx_mean6	0.00116039011149845	0.00117239818137625	0.0022077270446563
mcuentas_saldo_mean6	0.00115671119644903	0.00196134010243246	0.00388861013547416
ctarjeta_visa_debitos_automaticos_mean6	0.00114645503120878	0.00411748152507145	0.00412694430506774
mtransferencias_recibidas_mean6	0.00112539495088404	0.0024960959585428	0.00477922729553437
mactivos_margen_delta1	0.00109008649267319	0.00293915248018076	0.00412694430506774
mvr_msaldopesos2	0.00108604220790925	0.00164813274363874	0.00318615153035625
mcomisiones	0.00107717817619454	0.00180782352832577	0.00356246864024084
cliente_antiguedad_mean6	0.00107114584968217	0.00263898060770329	0.00465378825890617
cproductos_mean6	0.00106626563268097	0.00250369966343722	0.00477922729553437
mactivos_margen_lag1	0.00106427475487693	0.00274192044690923	0.00452834922227797
mpayroll_sobre_edad_mean6	0.0010628766674208	0.00187997169091315	0.00190667335674862
Master_fultimo_cierre_mean6	0.00105702042929758	0.00193826396175186	0.00479177119919719
mcomisiones_otras	0.00105229928075643	0.00298950364389089	0.0039764174611139
Visa_fultimo_cierre_mean6	0.00103886026854809	0.00267458301314644	0.00485449071751129
Visa_delinquency	0.00101475368059713	0.00030975871171561	0.000175614651279478
mv_fultimo_cierre_mean6	0.0010121347255075	0.00346624277644164	0.00442799799297541
Master_Fvencimiento	0.00101017140293419	0.00220801740856715	0.00471650777722027
Visa_msaldopesos	0.0010039720791796	0.00221089370640083	0.00275965880582037
mvr_mpagominimo_mean6	0.000971023146380045	0.00232284039918627	0.00421475163070748
Visa_mpagospesos_mean6	0.000959286053219608	0.00307305993050357	0.003411941796287
Master_fechaalta_mean6	0.000955682409328362	0.00218619970652251	0.00434019066733568
mv_cconsumos_mean6	0.000943960787270437	0.00323886230717449	0.0039764174611139
mrentabilidad_annual_lag1	0.000934424203213434	0.0019753153343653	0.00454089312594079
ccaja_ahorro_delta1	0.000934263051857628	0.015332984596115	0.00242097340692424
ctransferencias_emitidas_mean6	0.000928986574082065	0.00150363197468598	0.00316106372303061
ccallcenter_trx	0.000919455669628467	0.00566865085695677	0.00193176116407426
ccajas_trx_mean6	0.000917549404640689	0.00377539855083148	0.00533115905669845
mvr_msaldototal	0.000911290478313952	0.000881264556625555	0.00122930255895635
internet	0.000888993224948824	0.00136528564648569	0.00223281485198194
cliente_antiguedad	0.000888737442044687	0.00217858497125201	0.00393878575012544
ccaja_ahorro_mean6	0.000882090482892451	0.00141526169256041	0.00173105870546914
mrentabilidad_delta1	0.000871438737112114	0.00238105414223227	0.0037255393878575
mtarjeta_master_consumo	0.000868666205176075	0.00151781703831128	0.000878073256397391
mv_mpagominimo_mean6	0.000867752212966392	0.00215471527986226	0.003411941796287
sb_call_hombk_delta1	0.000845976144688066	0.00103715978890709	0.00107877571500251
mv_Fvencimiento	0.00084432111054931	0.00107327557350723	0.0034746613146011
mcaja_ahorro_dolares	0.000827445262185048	0.00454746068738863	0.00308580030105369
chomebanking_trx_mean6	0.000826781913038148	0.00139703094153997	0.0039764174611139
mvr_mpagominimo_lag1	0.000821665691461131	0.00168656452539275	0.00230807827395886
Visa_fechaalta	0.00081146547436838	0.00259686319548377	0.00383843452082288
mcomisiones_mantenimiento_lag1	0.00081121601663309	0.0043528231258422	0.00253386853988961
mvr_msaldopesos_lag1	0.000804729765860564	0.0015119933391428	0.00110386352232815
ccajas_extracciones_mean6	0.000803876882998782	0.00451783487909608	0.00259658805820371
mv_fechaalta_mean6	0.00080191060246506	0.00205655939960669	0.00332413447064727
tmobile_app	0.000798478718864502	0.000951235832071109	0.00181886603110888
Visa_mconsumospesos_mean6	0.000792967069230456	0.00171497843475145	0.00343702960361264
Visa_msaldototal	0.000786961805797186	0.000910285263941641	0.0017059708981435
mcaja_ahorro_dolares_lag1	0.000775759071228026	0.00151482844276431	0.00279729051680883
ccomisiones_otras	0.000765339598475392	0.00364849551658634	0.00329904666332163
Visa_mfinanciacion_limite_mean6	0.000757078013228724	0.0012853649718255	0.00222027094831912
Visa_Fvencimiento	0.000750274883796095	0.00187629204230543	0.00342448569994982
ctarjeta_debito_mean6	0.000745624191702931	0.00135274928468658	0.00311088810837933
Visa_mpagado_mean6	0.000717926276072119	0.00198435659423324	0.00228299046663322
Master_Fvencimiento_mean6	0.000717626265439962	0.00121267453898073	0.0037255393878575
mv_fechaalta	0.000712153417773403	0.00168246288005133	0.00323632714500753
Master_Fvencimiento_lag1	0.000709478627935602	0.0010042362799905	0.00337431008529855
mv_mfinanciacion_limite_delta1	0.000708490403808162	0.00290392850148584	0.00096588058203713
Visa_Fvencimiento_mean6	0.00069906579760072	0.00115303872591225	0.00348720521826392
cmobile_app_trx_mean6	0.000685508609243039	0.00139247980837372	0.00365027596588058
Visa_mpagominimo_mean6	0.000680115033536009	0.00149748029152753	0.00291018564977421
cliente_antiguedad_lag1	0.00067575371484978	0.00149360498101815	0.00317360762669343
mprestamos_prendarios_lag1	0.000673732804191268	0.00953217477314056	0.00148018063221274
Visa_mfinanciacion_limite	0.000668371361894574	0.0012333844094473	0.00234570998494732
mpayroll_sobre_edad_delta1	0.000657733713631388	0.00522967816236042	0.00289764174611139
Visa_Fvencimiento_lag1	0.000640156546851698	0.00104129477992386	0.00302308078273959
tcallcenter_mean6	0.000639819996502857	0.00202318143919603	0.00234570998494732
mrentabilidad_lag1	0.000639667615311943	0.0012005563132837	0.00351229302558956
Visa_mconsumospesos	0.000637772031775932	0.00105142350759868	0.00254641244355243
Visa_mlimitecompra_mean6	0.00063728840363828	0.00110876966914229	0.002019568489714
mv_Fvencimiento_mean6	0.000621986882656393	0.00109233695427022	0.00302308078273959
Visa_mpagominimo_lag1	0.000617536481431087	0.000799593106736004	0.00222027094831912
mtransferencias_emitidas	0.000614150799998811	0.00298644470848421	0.00395132965378826
mpasivos_margen_delta1	0.000613866426903328	0.00129774852049152	0.00293527345709985
Master_fechaalta_lag1	0.000598592277929237	0.00110020237604915	0.00334922227797291
mpasivos_margen_lag1	0.000598172922048734	0.00211702448483298	0.00299799297541395
mpayroll_delta1	0.000596768552366713	0.00643893858782505	0.00205720020070246
mv_mlimitecompra_mean6	0.000595580393205491	0.000964903019539952	0.00188158554942298
ccallcenter_trx_mean6	0.000589505039316647	0.00118988858203981	0.00198193677872554
mv_fechaalta_lag1	0.000582813329639202	0.00150047699015846	0.00283492222779729
Visa_mpagospesos	0.00057761267519003	0.00104959513791612	0.00219518314099348
ctrx_quarter_mean6	0.000570105595314467	0.00110940387334176	0.00203211239337682
mv_status07_mean6	0.000566620752546722	0.000383408532731276	0.000426492724535876
internet_mean6	0.000562445277984136	0.00129861720503151	0.00175614651279478
Master_mfinanciacion_limite_delta1	0.000555375640503263	0.0043104885849122	0.00107877571500251
mtarjeta_visa_debitos_automaticos	0.000549294591775116	0.00172046888928906	0.00215755143000502
cpayroll_trx_lag1	0.000539724786917549	0.000180196720469884	0.000263421976919217
mtarjeta_visa_debitos_automaticos_delta1	0.000530625952354353	0.00446205371579411	0.00155544405418966
mvr_msaldopesos	0.00052784638293551	0.000526898961660597	0.00129202207727045
mtransferencias_recibidas_lag1	0.000523587119891729	0.00253341999356777	0.00237079779227296
Visa_mlimitecompra_lag1	0.000520450959952697	0.000576944711227171	0.00135474159558455
Master_mfinanciacion_limite	0.00051420054481489	0.00103413271431745	0.00243351731058706
mcomisiones_delta1	0.000512378080011426	0.00311433390077448	0.00225790265930758
Visa_mconsumosdolares_mean6	0.000506829830349125	0.000927601808908535	0.00248369292523833
ccaja_ahorro_lag1	0.000502720712542009	0.000379322457189922	0.000489212242849975
cproductos_lag1	0.000502138059236862	0.00140196601664249	0.00181886603110888
mvr_mpagominimo_delta1	0.000501381487767366	0.00179313170376912	0.0015805318615153
Visa_mfinanciacion_limite_lag1	0.000500449019956967	0.000640941001654001	0.00155544405418966
cmobile_app_trx_lag1	0.000497642510586052	0.000994728010969594	0.00240842950326141
mv_mfinanciacion_limite_mean6	0.000492246504097456	0.000879358677338849	0.00193176116407426
mpayroll_lag1	0.000491573826264742	0.00150051691163492	0.00146763672854992
mvr_mpagospesos_mean6	0.00049132377189822	0.000857317270782609	0.0018941294530858
cextraccion_autoservicio_mean6	0.00048890962905008	0.00116355169249499	0.00257150025087807
tmobile_app_delta1	0.000488131285412366	0.000602502262278162	0.0016432513798294
ctarjeta_visa_trx_delta1	0.00048768281475329	0.002169294594583	0.00140491721023583
chomebanking_trx_lag1	0.00048306938181872	0.000839031155759211	0.00277220270948319
ctarjeta_debito_trx_mean6	0.000480426470805621	0.00148709871369359	0.00255895634721525
mextraccion_autoservicio_mean6	0.000480039191300194	0.00129684394480478	0.00278474661314601
mv_Fvencimiento_lag1	0.000476696278890588	0.00081814776899217	0.00250878073256397
mvr_msaldopesos2_mean6	0.00047568622884072	0.00102897512259	0.00293527345709985
mforex_sell_mean6	0.000475343324750849	0.00176401817159596	0.00204465629703964
ccajas_consultas	0.000473921741958347	0.00399673993162513	0.00101605619668841
Visa_msaldopesos_lag1	0.000472829215429742	0.00112654125954657	0.00159307576517812
Visa_mconsumospesos_lag1	0.000470326721447028	0.00086647341625976	0.00206974410436528
ctrx_quarter_lag1	0.000466564373453993	0.000911862013776245	0.00200702458605118
mvr_mpagospesos	0.000466533181859327	0.000748586187168549	0.00150526843953838
Visa_mlimitecompra	0.000466426210969388	0.00109637954467515	0.00211991971901656
Visa_delinquency_mean6	0.000464148766574965	0.00126825295548565	0.000664826894129453
Master_mlimitecompra	0.000463426459965303	0.000953150875054858	0.00194430506773708
mv_mpagominimo_delta1	0.000459885879743614	0.00173336373831042	0.00126693426994481
mcuenta_debitos_automaticos_mean6	0.000456740236779613	0.00158400782205713	0.00218263923733066
ctrx_quarter_normalizado_mean6	0.000453398245934898	0.000901180706684877	0.00127947817360763
Visa_mpagospesos_lag1	0.00045219868033377	0.00087953363607312	0.00217009533366784
ccuenta_debitos_automaticos_mean6	0.000449989364077175	0.00354853880016386	0.00217009533366784
mcomisiones_mantenimiento_delta1	0.000448343407920783	0.00325046851129928	0.00106623181133969
Visa_mpagominimo_delta1	0.000440113462335052	0.000837029269776178	0.00148018063221274
cplazo_fijo_mean6	0.00043642999187959	0.00240934731139753	0.000577019568489714
ccaja_seguridad_lag1	0.000433218274991228	0.000326002425336181	0.000225790265930758
ctarjeta_visa_trx_lag1	0.000423099747311332	0.000832233728930941	0.00199448068238836
Master_mfinanciacion_limite_mean6	0.00042255602507585	0.00120688410063856	0.00185649774209734
mvr_mconsumospesos_mean6	0.000420451211925865	0.000616680453130683	0.00185649774209734
mcomisiones_otras_delta1	0.000416713478875024	0.00119333981701384	0.00185649774209734
mv_status06_mean6	0.000413506857128735	0.000188624097485031	0.000200702458605118
tmobile_app_mean6	0.000411532552408622	0.000592762143237181	0.00200702458605118
mv_mpagominimo_lag1	0.000408720475185536	0.000666860646011733	0.00136728549924737
Master_msaldopesos	0.000407571552726376	0.00311235454221335	0.00139237330657301
mv_msaldopesos_mean6	0.000405555855876021	0.00149743621244777	0.00159307576517812
Master_cconsumos_mean6	0.000404018793849207	0.00116907502603819	0.00200702458605118
mv_status05_mean6	0.000402949888884592	0.000209605569750045	0.000589563472152534
Master_fultimo_cierre	0.000401610576954716	0.000681891527358946	0.00198193677872554
mcomisiones_lag1	0.00040067554499732	0.000732644366456094	0.00190667335674862
ccajas_consultas_mean6	0.000399712805685502	0.00250930080355624	0.0021450075263422
mvr_Visa_mlimitecompra	0.000394826242874993	0.000856167651049034	0.00174360260913196
mautoservicio_mean6	0.000393139815965476	0.000883554674820188	0.00224535875564476
Visa_cconsumos	0.000392111830707631	0.000704312209153881	0.00179377822378324
Visa_mpagospesos_delta1	0.000391036218745243	0.000783199422425412	0.00218263923733066
mvr_mpagospesos_delta1	0.000390128615178186	0.00230501709328803	0.00153035624686402
ctransferencias_recibidas	0.000388856087868278	0.00359788365418027	0.00154290015052684
mv_fultimo_cierre	0.00038109010609602	0.000868544496640368	0.00191921726041144
Visa_msaldototal_mean6	0.000379575287343942	0.000721682251444712	0.00153035624686402
ctrx_quarter_normalizado_lag1	0.000378875335925779	0.000623890288750381	0.00160561966884094
mdescubierto_preacordado_lag1	0.000375147815645619	0.000587820449909024	0.000602107375815354
Master_msaldototal	0.000374762160179452	0.00118239051420851	0.00121675865529353
Master_mfinanciacion_limite_lag1	0.00037426741694156	0.00261716248141341	0.00166833918715504
tpaquete7	0.000374129779249857	0.00106079084235303	0.000225790265930758
Visa_fultimo_cierre	0.000373912849535858	0.000607155214300439	0.00188158554942298
mtransferencias_emitidas_lag1	0.000373498705379212	0.000960072096642246	0.0022077270446563
mcomisiones_otras_lag1	0.00036760544545846	0.000598026262942752	0.0017686904164576
mplazo_fijo_dolares	0.000365669237102559	0.00378063624005901	0.00099096838936277
ctarjeta_visa_descuentos_mean6	0.000365247450608702	0.00673990719285092	0.00131710988459609
mvr_Master_mlimitecompra	0.000362438998021577	0.00158275617134491	0.00165579528349222
mvr_msaldopesos_mean6	0.000359084630769751	0.0007100029498662	0.00146763672854992
Visa_msaldototal_lag1	0.000355222659525869	0.000365760058293739	0.00106623181133969
mtarjeta_visa_debitos_automaticos_lag1	0.000351934005647451	0.00109431741586896	0.00166833918715504
Master_mlimitecompra_mean6	0.000351380727485844	0.00070233357180964	0.00169342699448068
mvr_Visa_mlimitecompra_mean6	0.000351076603525888	0.000831260255818289	0.00174360260913196
mv_cconsumos_delta1	0.000348518031116893	0.00252416406561172	0.00110386352232815
ccallcenter_trx_delta1	0.000346909692090199	0.000589495327666122	0.000401404917210236
matm_mean6	0.000346491253835495	0.000846959408257216	0.00191921726041144
ccomisiones_otras_lag1	0.000346365930607506	0.00262565799221305	0.0018941294530858
cmobile_app_trx	0.0003416535277689	0.000699992501762471	0.00171851480180632
Master_mpagominimo_mean6	0.000338193831169768	0.000517071914771284	0.00144254892122429
ctarjeta_master	0.000337089559104626	5.92189497021083e-05	0.000125439036628199
Visa_msaldopesos_delta1	0.000336648177688323	0.00128051130938328	0.00145509282488711
Visa_msaldopesos_mean6	0.00033590249905742	0.000668264431064663	0.00141746111389865
Visa_mconsumosdolares_lag1	0.000335785195109798	0.000666854664153942	0.00165579528349222
Master_fultimo_cierre_lag1	0.000333086279549049	0.000922636951790633	0.00163070747616658
mtarjeta_visa_consumo_mean6	0.000329819310601256	0.000939548597106732	0.00110386352232815
mvr_msaldototal_mean6	0.000327231024034917	0.000507749380313579	0.00146763672854992
cprestamos_hipotecarios_mean6	0.000323032808540416	0.00318895240093167	0.000489212242849975
Master_mconsumospesos_mean6	0.000321445246019556	0.0010068685519659	0.0017059708981435
ccajas_depositos_mean6	0.000321022497051835	0.00398557358495837	0.00125439036628199
Master_msaldopesos_delta1	0.000312855902087468	0.00331318981752605	0.00124184646261917
mvr_mconsumosdolares_mean6	0.000309780196430845	0.000705657660487213	0.00173105870546914
mvr_msaldopesos2_lag1	0.000308643837173899	0.000682709260046402	0.0018314099347717
Visa_cconsumos_lag1	0.000303691057112994	0.000779751538988721	0.00166833918715504
cpagomiscuentas_mean6	0.00030249629574623	0.000733887023169363	0.00161816357250376
mtarjeta_visa_consumo_lag1	0.000302197753532913	0.00126099437408863	0.00159307576517812
Master_mlimitecompra_lag1	0.000300895893864448	0.00100657565305674	0.00145509282488711
tcuentas_lag1	0.000299972354503328	0.0068019211974245	0.00114149523331661
Visa_msaldototal_delta1	0.00029940443411681	0.000629920807470161	0.00129202207727045
mv_mpagospesos_delta1	0.000295533852486693	0.000960453874927819	0.00149272453587556
mvr_mpagado_mean6	0.000292450564141242	0.00141382854973732	0.00136728549924737
mpagomiscuentas_mean6	0.000288015742856776	0.000597663193871974	0.00174360260913196
Visa_cconsumos_delta1	0.0002841960061552	0.00105250304201969	0.00137982940291019
mv_mfinanciacion_limite	0.000283825837219166	0.000555406714064931	0.00127947817360763
mvr_mconsumospesos	0.000278950557434789	0.000536556395305581	0.00111640742599097
mvr_msaldodolares_mean6	0.000277794083932308	0.00143956729592752	0.00159307576517812
Master_msaldopesos_mean6	0.000277675478035085	0.000452857392596372	0.00106623181133969
catm_trx_mean6	0.000275535362715689	0.000674481320715494	0.00161816357250376
Visa_mconsumosdolares	0.000274421875646568	0.00188582805696461	0.00148018063221274
Master_mpagospesos_mean6	0.000268442331752676	0.00140951210903421	0.0018941294530858
ccaja_seguridad_mean6	0.00026410231458571	0.00028317215385091	0.000175614651279478
mvr_msaldototal_lag1	0.000261881830311166	0.000499571417071171	0.000802809834420472
Visa_mconsumospesos_delta1	0.000260827083269845	0.000610779923150428	0.00168088309081786
mvr_Visa_mlimitecompra_lag1	0.000255309609437763	0.000398478529489012	0.00114149523331661
mv_msaldototal_mean6	0.000254245029610537	0.000880012524092627	0.00124184646261917
internet_lag1	0.000251611922066872	0.000895579948386571	0.00117912694430507
Master_msaldototal_mean6	0.000249591625994228	0.0010555713108215	0.00126693426994481
mvr_Master_mlimitecompra_lag1	0.000248869519874613	0.00139404926119031	0.00116658304064225
cforex_sell_mean6	0.000246991121217563	0.000664836317455851	0.00095333667837431
Master_delinquency	0.000243766029126459	0.000200056403488635	0.000213246362267938
mv_cconsumos_lag1	0.000243103470167887	0.00113606743171633	0.00127947817360763
mvr_Master_mlimitecompra_mean6	0.000240295977301501	0.00057871894721794	0.00125439036628199
mtransferencias_emitidas_delta1	0.000237979021292183	0.00212793395101089	0.00171851480180632
cliente_vip_delta1	0.000233861948051982	0.000264414787222207	0.000401404917210236
mv_mpagado_mean6	0.000228936833267895	0.000604867344605544	0.000903161063723031
cliente_vip_lag1	0.000227289597370429	0.000219358500997075	0.000263421976919217
cforex_mean6	0.000225548675449145	0.000518500687868464	0.00107877571500251
Master_mpagominimo_delta1	0.000219932894088589	0.000656988586703153	0.000790265930757652
mtransferencias_recibidas_delta1	0.000219427732323409	0.00141769473897419	0.00130456598093327
Visa_fultimo_cierre_lag1	0.000213702951713506	0.00040484140192467	0.00111640742599097
mv_mconsumospesos_mean6	0.000210263931072209	0.00092775360385306	0.00112895132965379
ccajas_consultas_delta1	0.000209984856659629	0.00283505793029844	0.000602107375815354
Master_mpagospesos	0.000208427221399188	0.0014789907509147	0.00111640742599097
mv_msaldototal_lag1	0.000207867733944344	0.000624514905007574	0.000765178123432012
cmobile_app_trx_delta1	0.000202318974694609	0.00128739604588059	0.00115403913697943
mautoservicio_lag1	0.000201785511683891	0.000688401315918944	0.00153035624686402
ctarjeta_debito_delta1	0.000201767012130888	0.00509236750162401	0.000790265930757652
mv_fultimo_cierre_lag1	0.000201133755077744	0.000911255640064089	0.00135474159558455
mv_mconsumosdolares_mean6	0.000198082532806936	0.000418064489483147	0.00114149523331661
Visa_mpagado	0.000197635824083942	0.00116358283209512	0.000777722027094832
mcheques_emitidos_rechazados_mean6	0.000196903557066728	0.00343762442330495	0.000627195183140993
mv_mlimitecompra	0.000194499430385651	0.000282400621469376	0.000865529352734571
sb_call_hombk_lag1	0.000193754690766043	0.00238505689600978	0.0015178123432012
mpagomiscuentas_lag1	0.000193184519248325	0.000847722455734082	0.00109131961866533
internet_delta1	0.000192905620261623	0.000442763071209992	0.000765178123432012
ctransferencias_recibidas_lag1	0.000191032993969185	0.000621131761393506	0.00109131961866533
cprestamos_personales_lag1	0.000189919190491981	0.000684156912056469	0.000464124435524335
cextraccion_autoservicio_lag1	0.000189771440981459	0.00180517373502223	0.00112895132965379
Visa_delinquency_lag1	0.000189758552449195	0.000532671030184166	0.000275965880582037
mvr_mpagospesos_lag1	0.000189010393383337	0.00051719846712442	0.00110386352232815
ctarjeta_debito_trx_lag1	0.000184318700671146	0.000958151665744033	0.00126693426994481
Visa_mpagosdolares	0.000182730189185873	0.000602881028422577	0.000577019568489714
mv_cconsumos	0.00018175138704189	0.000261312918197909	0.000777722027094832
Visa_mconsumototal	0.000181483747936448	0.000219913583460508	0.000627195183140993
mv_msaldopesos_lag1	0.000180531641636963	0.000430387074109125	0.000715002508780733
ccajas_otras_delta1	0.0001779829876771	0.00249790761296316	0.000439036628198695
mv_msaldototal_delta1	0.000177761609461307	0.00113162418411294	0.000790265930757652
ccomisiones_otras_delta1	0.000173394926605977	0.000198800340625989	0.000777722027094832
mv_mconsumospesos	0.000172692720647328	0.00102121788334559	0.000815353738083292
Visa_mpagosdolares_mean6	0.000172035564069187	0.000360115475462818	0.000878073256397391
Master_mpagominimo_lag1	0.000171061089783634	0.000303534143226054	0.000777722027094832
cpagomiscuentas	0.000168968605811629	0.000348572271755194	0.000702458605117913
mpayroll_sobre_edad_lag1	0.000167876847489798	0.000940185898296405	0.00116658304064225
Visa_fultimo_cierre_delta1	0.000167750662712521	0.000225846143955888	0.000702458605117913
mcuenta_debitos_automaticos_lag1	0.00016755699908159	0.000750988730350043	0.000878073256397391
Master_mpagominimo	0.00016579646979121	0.000504804778997317	0.000702458605117913
ccajas_otras	0.000162544817730265	0.00218347172482244	0.000451580531861515
cinversion1	0.000158913973370391	0.00252393620349684	0.000401404917210236
mv_status02_lag1	0.000157648638661622	0.000498191941270117	0.000150526843953838
mvr_msaldopesos2_delta1	0.000157529435406708	0.000472000101170609	0.00101605619668841
cseguro_accidentes_personales_mean6	0.000157001449057288	0.000712447535750328	0.000702458605117913
ctarjeta_visa_debitos_automaticos	0.000156556300324406	0.000266961319235931	0.000526843953838435
ccheques_depositados_mean6	0.000152666598093559	0.00159401687015159	0.000539387857501254
mv_mconsumosdolares	0.000151902534961295	0.000704299142400691	0.000652282990466633
mvr_msaldodolares2_mean6	0.000151883609111533	0.000701886374909071	0.000890617160060211
mv_mpagospesos_lag1	0.000149021202311477	0.000276174737819596	0.000827897641746112
mv_mfinanciacion_limite_lag1	0.000148163592517165	0.000174698417395454	0.000627195183140993
mvr_msaldototal_delta1	0.000146721598941698	0.000791536817026547	0.000815353738083292
Master_mpagosdolares_mean6	0.000143697451557743	0.00181871789137337	0.000689914701455093
mextraccion_autoservicio	0.00014299867322076	0.00062425972149966	0.000865529352734571
Master_mconsumosdolares_mean6	0.000142774116785414	0.000234071410541824	0.000639739086803813
Visa_mconsumototal_mean6	0.000141689821969454	0.000443317729428192	0.000702458605117913
mv_fultimo_cierre_delta1	0.000140403322855014	0.000170505177508132	0.000476668339187155
mcheques_depositados_mean6	0.000140374877456703	0.00160129993049858	0.000551931761164074
mplazo_fijo_dolares_mean6	0.000135636487451016	0.000942047528805264	0.000451580531861515
Master_mpagospesos_delta1	0.000135427272228575	0.000986397573990287	0.000627195183140993
Visa_status_delta1	0.00013288153705955	0.00146619755105126	0.000376317109884596
mtarjeta_master_consumo_lag1	0.000132653272451368	0.000460666262485687	0.000539387857501254
mextraccion_autoservicio_lag1	0.000132420607068134	0.000435458331931574	0.00100351229302559
mvr_mconsumosdolares	0.000131670349752324	0.00046034659370229	0.000715002508780733
Visa_mconsumosdolares_delta1	0.000130767947525515	0.000309832233414565	0.000740090316106372
ccuenta_debitos_automaticos	0.000130577984255349	0.000551577985682181	0.000526843953838435
mv_mlimitecompra_lag1	0.000129430949489563	0.000158493013119463	0.000577019568489714
Master_fultimo_cierre_delta1	0.000127301380832093	0.000262649672503956	0.000777722027094832
ccajas_otras_mean6	0.000125617797264833	0.00116383852469731	0.000464124435524335
mv_status01_delta1	0.00012520199984921	0.00117336579990468	0.000351229302558956
tpaquete9	0.000124241162198874	0.000368929297461106	0.000112895132965379
mtarjeta_visa_consumo_delta1	0.000123261566550591	0.000476180953097115	0.000878073256397391
mv_mconsumospesos_lag1	0.000122879962722573	0.000325601428741533	0.000627195183140993
mv_mpagado	0.000122745272251278	0.00127930386502439	0.000564475664826894
ctarjeta_debito	0.000122417270054396	0.000190657971558667	0.000664826894129453
Master_mpagospesos_lag1	0.000121272163906221	0.000671859357899265	0.00095333667837431
Visa_msaldodolares_mean6	0.000120327103503151	0.000444269863005601	0.000677370797792273
mvr_mconsumospesos_delta1	0.000120011801095875	0.000446823861735434	0.000765178123432012
matm_other_mean6	0.000119755116996332	0.000333966526556412	0.000765178123432012
ctransferencias_emitidas	0.000118988139831935	0.000421702307510849	0.000689914701455093
ctarjeta_visa_debitos_automaticos_delta1	0.000117887798734817	0.000541585568000873	0.000263421976919217
mvr_mconsumospesos_lag1	0.000114918000693093	0.000211276332328378	0.000677370797792273
Master_msaldototal_lag1	0.000112978310277114	0.00021272529949867	0.000464124435524335
Master_Finiciomora_mean6	0.000112212742180222	0.000547647014198172	0.000263421976919217
cextraccion_autoservicio	0.00011140485098435	0.000416863451227278	0.000614651279478174
ctarjeta_visa_debitos_automaticos_lag1	0.000110070872156119	0.000418530395598511	0.000602107375815354
tmobile_app_lag1	0.00010975891216573	0.000171515305408953	0.000526843953838435
ctarjeta_master_trx_mean6	0.000109599804490144	0.000417193726141511	0.000539387857501254
Visa_mlimitecompra_delta1	0.000109446641913556	0.000356265492393873	0.000301053687907677
Master_mconsumospesos	0.000105068124398049	0.00031473786589788	0.000715002508780733
ctarjeta_debito_trx	0.000104320364116296	0.000348813794566591	0.000878073256397391
mprestamos_hipotecarios_lag1	0.000104104508211498	0.00344103085798233	0.000526843953838435
mv_msaldodolares_mean6	0.000101953275389468	0.000566402386874278	0.000501756146512795
Master_delinquency_mean6	9.69881817837953e-05	0.000246150860224517	0.000326141495233317
minversion1_pesos_lag1	9.68092437918495e-05	0.0025357967850636	0.000388861013547416
ctransferencias_emitidas_lag1	9.58738189133994e-05	0.000276363357250383	0.000551931761164074
cpagomiscuentas_lag1	9.56289861487661e-05	0.00021405272040958	0.000514300050175615
sb_invcomunes_mean6	9.34279516695662e-05	0.00131216840385353	0.000451580531861515
mv_msaldopesos_delta1	9.23805516898759e-05	0.000359555683877294	0.000363773206221776
ctarjeta_debito_trx_delta1	9.17084343667447e-05	0.000891280180521132	0.000715002508780733
ccuenta_debitos_automaticos_delta1	9.05922507369713e-05	0.000739854711170071	0.000250878073256397
mtarjeta_master_consumo_mean6	8.95461573099968e-05	0.000267850791792361	0.000451580531861515
thomebanking_lag1	8.92908551709971e-05	0.000153863182462408	0.000376317109884596
Master_msaldopesos_lag1	8.86382763204164e-05	0.000227310511228153	0.000526843953838435
ccheques_emitidos_mean6	8.81539518440638e-05	0.000724264207935428	0.000388861013547416
mvr_msaldopesos_delta1	8.72993662933049e-05	0.000340772098893164	0.000426492724535876
mvr_mconsumosdolares_lag1	8.7267077696619e-05	0.00030778300166348	0.000476668339187155
mv_mconsumosdolares_lag1	8.54313901626666e-05	0.000223069840723733	0.000401404917210236
ctarjeta_master_trx_lag1	8.45217834089007e-05	0.000119410608875448	0.000326141495233317
catm_trx_other_mean6	8.38599557419388e-05	0.000220907293070795	0.000526843953838435
mv_status06_delta1	8.27050468914442e-05	0.000195065328015306	0.000125439036628199
ctarjeta_master_trx	8.2005838381729e-05	0.000254806311477162	0.000163070747616658
mv_mconsumosdolares_delta1	7.97868433283338e-05	0.000687508449400646	0.000439036628198695
Visa_mconsumototal_lag1	7.90324139949028e-05	0.000123617848855474	0.000351229302558956
ccomisiones_mantenimiento_lag1	7.83557632987433e-05	0.000186982438129712	0.000288509784244857
ctarjeta_debito_lag1	7.81716620340328e-05	0.000153823897353791	0.000413948820873056
Master_msaldototal_delta1	7.61073987280398e-05	0.000307010832914095	0.000326141495233317
Visa_mconsumototal_delta1	7.49678224705154e-05	0.00011962998608566	0.000376317109884596
mvr_msaldodolares2_delta1	7.35621892576062e-05	0.00198497488923645	0.000489212242849975
Visa_fechaalta_delta1	7.29530169766191e-05	0.000460677377710803	0.000263421976919217
Master_mlimitecompra_delta1	7.22661417446053e-05	0.000171314849536152	0.000188158554942298
mextraccion_autoservicio_delta1	7.21880197054298e-05	0.000251107274862275	0.000376317109884596
mautoservicio_delta1	7.18046598245401e-05	0.000292528670351814	0.000677370797792273
mv_status03_mean6	7.09179063283145e-05	0.000108899593820783	0.000250878073256397
Master_mconsumospesos_lag1	6.89635346560611e-05	0.000210617776452509	0.000413948820873056
ctransferencias_recibidas_delta1	6.87992164432782e-05	0.000199214361549303	0.000439036628198695
mvr_mpagosdolares_mean6	6.61122341784725e-05	0.000659640798204527	0.000602107375815354
tpaquete7_delta1	6.50535096875649e-05	0.0036048894702672	0.000551931761164074
mforex_sell_lag1	6.48863910608802e-05	0.000201475121973782	0.000401404917210236
mv_status04_mean6	6.40439718161121e-05	3.02763035089753e-05	0.000137982940291019
active_quarter_mean6	6.23140697377148e-05	0.000207836339853029	0.000238334169593578
ccuenta_debitos_automaticos_lag1	6.22744196953756e-05	0.000323946108689697	0.000363773206221776
mv_mconsumototal_mean6	6.22189364170103e-05	0.000310557523065654	0.000363773206221776
matm_lag1	6.05057369708232e-05	0.000309679589979574	0.000451580531861515
Master_mconsumospesos_delta1	6.04346059049889e-05	0.000180336594123349	0.000338685398896136
mv_status06	5.96648672834096e-05	4.07312757683028e-05	8.78073256397391e-05
mplazo_fijo_dolares_delta1	5.93326026800175e-05	0.00159624653340045	0.000275965880582037
mv_mconsumototal	5.92735141373519e-05	0.000374973943547161	0.000275965880582037
mvr_mconsumototal	5.78200515551724e-05	0.000130164970996014	0.000250878073256397
ccajas_trx_lag1	5.72430740738654e-05	0.000159321648909418	0.000263421976919217
Master_delinquency_lag1	5.69045314517948e-05	0.00019871027336293	8.78073256397391e-05
mvr_mconsumototal_mean6	5.58663424798115e-05	0.000119193649863067	0.000263421976919217
Master_mconsumototal_mean6	5.41575839223465e-05	0.000148466104300676	0.000288509784244857
ctarjeta_master_debitos_automaticos_mean6	5.38425805423639e-05	0.000263918759695268	0.000225790265930758
cseguro_vida_mean6	5.35733744762742e-05	0.00069006690270543	0.000225790265930758
mtarjeta_master_consumo_delta1	5.32474195841162e-05	0.000313534876113937	0.000175614651279478
catm_trx_other	5.24419729239795e-05	0.000742832955133344	0.000200702458605118
Visa_mfinanciacion_limite_delta1	5.02833645781678e-05	0.000114647734913186	0.000175614651279478
ctransferencias_emitidas_delta1	5.0101263624583e-05	0.000192971295967569	0.000275965880582037
mv_status02_delta1	4.88271979757714e-05	0.000162080218690815	0.000150526843953838
minversion1_pesos	4.87807897250602e-05	0.000491575836854619	7.52634219769192e-05
mv_fechaalta_delta1	4.87513895024661e-05	0.000343401061755746	0.000188158554942298
mvr_msaldodolares_lag1	4.82237566138737e-05	0.000943831649709973	0.000363773206221776
mcheques_emitidos_mean6	4.8143136893904e-05	0.000531197244667719	0.000225790265930758
Master_status_lag1	4.72698896341998e-05	0.000883664427062079	0.000175614651279478
Visa_mpagado_lag1	4.5884320017312e-05	0.000344083248091117	0.000238334169593578
Visa_mpagado_delta1	4.58424047180809e-05	0.000481641243798629	0.000200702458605118
Master_Fvencimiento_delta1	4.57934337251137e-05	5.12783516678102e-05	0.000200702458605118
thomebanking_delta1	4.53975998583684e-05	0.000208269748783512	0.000175614651279478
mttarjeta_master_debitos_automaticos_delta1	4.5308265614505e-05	0.00125592638295447	0.000388861013547416
Master_mpagado_mean6	4.52327002014915e-05	0.000129101557893873	0.000200702458605118
ccallcenter_trx_lag1	4.42248864708211e-05	0.000311253242823973	0.000213246362267938
catm_trx_lag1	4.39457280464897e-05	0.000153432361427849	0.000288509784244857
mvr_mpagado	4.37551762189268e-05	0.000596872655303982	0.000213246362267938
mv_mconsumospesos_delta1	4.28046867218388e-05	0.00020703277695637	0.000301053687907677
Master_cconsumos_lag1	4.24332536776806e-05	8.32964788317205e-05	0.000213246362267938
Master_cconsumos	4.23755102884254e-05	0.000217525294918857	0.000200702458605118
mv_mpagosdolares_mean6	4.23678869298474e-05	0.000126040161864846	0.000250878073256397
mvr_mconsumototal_lag1	4.22484180133354e-05	0.000110135080789607	0.000163070747616658
cseguro_vivienda_mean6	4.20566461634967e-05	0.000154768861186756	0.000163070747616658
active_quarter_lag1	4.00513506067265e-05	7.11630227308106e-05	0.000137982940291019
mvr_mconsumosdolares_delta1	3.98830294093692e-05	0.000249803102590156	0.000288509784244857
mpagomiscuentas_delta1	3.98718210023707e-05	0.000181704700152147	0.000313597591570497
catm_trx	3.84087660653419e-05	9.71922496323405e-05	0.000188158554942298
mcaja_ahorro_adicional_mean6	3.82234432333425e-05	0.00139578633329863	0.000225790265930758
matm_other_lag1	3.77641019091506e-05	0.000150465699359449	0.000213246362267938
mcheques_depositados_rechazados_mean6	3.7596733956344e-05	0.00160854213602959	0.000250878073256397
ctarjeta_master_descuentos_mean6	3.69778017182316e-05	0.000764850985777221	0.000200702458605118
Visa_Fvencimiento_delta1	3.67378221970759e-05	6.57352716387014e-05	0.000200702458605118
mttarjeta_master_debitos_automaticos_mean6	3.50179330301029e-05	0.000416189622523005	0.000225790265930758
mtarjeta_visa_descuentos_mean6	3.31084678681494e-05	0.000235708360775053	0.000200702458605118
mvr_mconsumototal_delta1	3.19778875572553e-05	0.000110042849875858	0.000200702458605118
mcaja_ahorro_adicional	3.15246909394663e-05	0.00163168365290066	0.000250878073256397
Master_mconsumosdolares	2.9717112271766e-05	6.63828395630244e-05	0.000175614651279478
ccajas_extracciones	2.90181201660144e-05	0.000286672516422977	0.000238334169593578
Visa_mpagosdolares_lag1	2.88065902993591e-05	5.74872230837292e-05	0.000137982940291019
tpaquete9_mean6	2.84874539743524e-05	0.000175818424811736	0.000100351229302559
mprestamos_prendarios_mean6	2.78108469266028e-05	0.000332615390336952	6.27195183140993e-05
sb_invcomunes	2.71767144626503e-05	0.00136429486416751	0.000213246362267938
mforex_sell	2.6875994147623e-05	0.000208654751332859	0.000401404917210236
matm_other	2.68195541108996e-05	0.000238948618594498	0.000112895132965379
Master_cconsumos_delta1	2.64536856358783e-05	0.000112136203131221	0.000150526843953838
mcuenta_debitos_automaticos_delta1	2.5926689509209e-05	0.000264835596069256	0.000250878073256397
mcheques_depositados_lag1	2.51240770801781e-05	0.000596157929359205	0.000125439036628199
ctarjeta_visa	2.42758227453631e-05	8.1290562518969e-05	2.50878073256397e-05
Master_status_delta1	2.41655927586126e-05	1.11769103730725e-05	3.76317109884596e-05
Visa_delinquency_delta1	2.39369674363121e-05	5.51587955445167e-05	6.27195183140993e-05
ccajas_trx	2.31507938037248e-05	0.000116425661837487	0.000125439036628199
mprestamos_hipotecarios_mean6	2.2804413036628e-05	0.000245787918427309	3.76317109884596e-05
ctarjeta_master_mean6	2.27286516183183e-05	2.83302906231856e-05	5.01756146512795e-05
Master_mconsumosdolares_lag1	2.24327158568654e-05	5.34233355680833e-05	0.000175614651279478
ctarjeta_visa_mean6	2.21832180822668e-05	2.28158662298846e-05	7.52634219769192e-05
Master_cadelantosefectivo_mean6	2.16907766105191e-05	3.75278424351201e-05	0.000150526843953838
ctarjeta_master_trx_delta1	2.0688092851871e-05	0.0003830236574555	0.000125439036628199
mttarjeta_master_debitos_automaticos_lag1	2.04152119955041e-05	0.000175876800955857	0.000213246362267938
matm	1.96306717140697e-05	0.000113242634700033	0.000250878073256397
Master_mconsumototal	1.93885925728867e-05	4.0983744106723e-05	0.000137982940291019
mv_mconsumototal_lag1	1.92262126865101e-05	7.02345620374269e-05	0.000150526843953838
ccajas_trx_delta1	1.92133325374485e-05	0.000136799784626307	8.78073256397391e-05
Master_mconsumototal_lag1	1.87843965624143e-05	6.38158589290484e-05	0.000112895132965379
ccheques_emitidos_rechazados_mean6	1.84801328019954e-05	0.000358540083212962	6.27195183140993e-05
mplazo_fijo_dolares_lag1	1.81337139579309e-05	0.00011589285224881	0.000150526843953838
mv_Fvencimiento_delta1	1.80065173449239e-05	2.81208407514362e-05	8.78073256397391e-05
Visa_msaldodolares_delta1	1.77392113091065e-05	5.25749723747731e-05	8.78073256397391e-05
cextraccion_autoservicio_delta1	1.76953820193418e-05	4.64849320487407e-05	0.000112895132965379
matm_delta1	1.71761957434318e-05	8.68839813747366e-05	0.000188158554942298
mcajeros_propios_descuentos_delta1	1.63825057220526e-05	0.000763103646934252	0.000514300050175615
Master_mconsumosdolares_delta1	1.62328537122644e-05	5.83000345264771e-05	0.000137982940291019
cpagomiscuentas_delta1	1.57007111456114e-05	0.000347139213781156	0.000125439036628199
cforex_sell_lag1	1.56055836802312e-05	6.21684298385539e-05	0.000163070747616658
mv_status03	1.53401941265749e-05	1.54729024559336e-05	6.27195183140993e-05
tcallcenter_lag1	1.49597586055906e-05	4.24581235664974e-05	7.52634219769192e-05
mtarjeta_visa_descuentos_delta1	1.46174550147959e-05	4.28840657808712e-05	7.52634219769192e-05
Master_mpagosdolares	1.45933981565248e-05	2.06181062225716e-05	8.78073256397391e-05
Master_msaldodolares_mean6	1.43625050366894e-05	3.36203741370435e-05	5.01756146512795e-05
mforex_buy_mean6	1.42606149597007e-05	0.000256578977760568	7.52634219769192e-05
mv_mpagado_delta1	1.3648688434335e-05	0.000217676750467196	8.78073256397391e-05
Master_mconsumototal_delta1	1.31266621770467e-05	4.96205709936197e-05	7.52634219769192e-05
cseguro_vivienda	1.28091710123196e-05	6.27884218227032e-05	5.01756146512795e-05
cseguro_accidentes_personales	1.24306680790333e-05	5.20431385501326e-05	6.27195183140993e-05
mv_status05	1.17994447574995e-05	3.38419998469926e-05	7.52634219769192e-05
ccajeros_propios_descuentos	1.13561394489972e-05	0.000443801029598127	0.000225790265930758
mv_status03_delta1	1.11332188586802e-05	0.000181600038853057	5.01756146512795e-05
ctarjeta_master_descuentos_delta1	1.1051183892556e-05	0.000227166310273307	0.000137982940291019
Master_fechaalta_delta1	1.08607879273786e-05	3.98546578424456e-05	0.000163070747616658
cliente_vip	1.07739998467926e-05	2.56124483841984e-05	2.50878073256397e-05
cforex_lag1	1.07552884931932e-05	2.41952571818918e-05	6.27195183140993e-05
mvr_msaldodolares2_lag1	1.0631643489742e-05	0.000116941628890397	0.000112895132965379
matm_other_delta1	1.05439266479996e-05	8.09702573677218e-05	6.27195183140993e-05
mv_status05_lag1	1.00770019088756e-05	1.87596999774873e-06	1.25439036628199e-05
mvr_msaldodolares	9.63720009394969e-06	2.72440107029623e-05	5.01756146512795e-05
Visa_msaldodolares_lag1	9.30323538785232e-06	9.56848214688812e-05	7.52634219769192e-05
catm_trx_delta1	8.51467244953915e-06	5.54574641888585e-05	5.01756146512795e-05
mforex_sell_delta1	8.29984316635312e-06	4.22677223057295e-05	6.27195183140993e-05
Visa_msaldodolares	8.12570471757122e-06	4.61355236744794e-05	6.27195183140993e-05
ccheques_depositados_lag1	8.02859548020261e-06	0.00012458326130869	3.76317109884596e-05
ccajas_depositos_lag1	7.86786686471954e-06	0.000249615416498882	5.01756146512795e-05
ccheques_emitidos	7.77932856917552e-06	0.000216159564663367	3.76317109884596e-05
cforex_sell	7.73599470887752e-06	2.51949910744933e-05	2.50878073256397e-05
mvr_mpagosdolares	7.67124869243438e-06	3.73961567146603e-05	6.27195183140993e-05
mvr_mpagado_delta1	7.29260359853189e-06	0.000102086809315062	6.27195183140993e-05
ccajas_extracciones_lag1	7.1761692717494e-06	2.95982747768914e-05	3.76317109884596e-05
Master_mpagosdolares_delta1	7.08576433884553e-06	1.59723663692626e-05	3.76317109884596e-05
tcuentas_mean6	7.02872283553022e-06	3.89100758301912e-05	1.25439036628199e-05
cforex_buy_mean6	7.00315207264143e-06	7.74500825432526e-05	6.27195183140993e-05
mttarjeta_master_debitos_automaticos	6.82135544683142e-06	6.17677302155697e-05	0.000100351229302559
ctarjeta_master_debitos_automaticos	6.71388897096465e-06	3.97735845783352e-05	2.50878073256397e-05
ccajas_extracciones_delta1	6.50950685206974e-06	0.000134339968338298	0.000125439036628199
cseguro_vida_lag1	6.29781445370218e-06	2.4891570883537e-05	2.50878073256397e-05
cforex_sell_delta1	6.22200957487577e-06	4.10993509328354e-05	5.01756146512795e-05
mvr_Master_mlimitecompra_delta1	6.15701701905298e-06	7.27856334751489e-06	2.50878073256397e-05
mvr_mpagado_lag1	6.13470164875391e-06	0.000192428856012092	6.27195183140993e-05
cplazo_fijo_lag1	6.11855008307939e-06	7.2302587852354e-05	2.50878073256397e-05
cseguro_accidentes_personales_lag1	5.88278717150583e-06	3.05458265057798e-05	3.76317109884596e-05
mtarjeta_master_descuentos_delta1	5.82123476065485e-06	2.48924617985272e-05	3.76317109884596e-05
Visa_madelantopesos_mean6	5.24302028030782e-06	2.10946184687715e-05	3.76317109884596e-05
mv_status01_lag1	5.19071027115805e-06	2.17107498212966e-06	1.25439036628199e-05
mv_msaldodolares_delta1	5.13123481654549e-06	6.93890837117042e-05	5.01756146512795e-05
Visa_madelantopesos	5.12283344017467e-06	3.55848841150111e-05	1.25439036628199e-05
cforex_delta1	5.11254434257915e-06	1.64096783558926e-05	2.50878073256397e-05
mvr_msaldodolares2	4.54676446747452e-06	1.41266874811815e-05	3.76317109884596e-05
cforex	4.39828617484008e-06	2.46921331992968e-05	6.27195183140993e-05
Visa_mpagosdolares_delta1	4.38989519080192e-06	1.78413363206595e-05	5.01756146512795e-05
cseguro_vida	4.27737405057343e-06	3.37514234896531e-05	2.50878073256397e-05
Master_msaldodolares_delta1	4.24776214585387e-06	5.26450152628141e-06	1.25439036628199e-05
mv_mconsumototal_delta1	4.23689571164777e-06	2.35846834419248e-05	5.01756146512795e-05
mtarjeta_visa_descuentos_lag1	4.13064586985202e-06	3.48806794520239e-05	5.01756146512795e-05
mv_mlimitecompra_delta1	4.00824350223724e-06	2.89714524444836e-05	2.50878073256397e-05
tpaquete9_lag1	4.00274129462746e-06	2.50972873972321e-05	1.25439036628199e-05
Master_madelantopesos_mean6	3.80792035917651e-06	1.27442843880169e-05	7.52634219769192e-05
Master_msaldodolares_lag1	3.73588352708088e-06	4.59903045310729e-06	2.50878073256397e-05
Visa_cadelantosefectivo_mean6	3.6719227173882e-06	6.33656923118452e-06	2.50878073256397e-05
tcallcenter_delta1	3.66237630447138e-06	2.66462915935685e-05	1.25439036628199e-05
catm_trx_other_delta1	3.17943606448189e-06	2.10112542804005e-05	3.76317109884596e-05
ctarjeta_master_debitos_automaticos_delta1	3.13174182591575e-06	8.41355086298949e-05	2.50878073256397e-05
ccajas_consultas_lag1	3.11172445519822e-06	3.80915370767919e-05	3.76317109884596e-05
ctarjeta_master_descuentos	3.0527585455299e-06	0.000101984438940233	6.27195183140993e-05
mcheques_depositados_rechazados_delta1	2.89195813033237e-06	2.00730783711711e-05	2.50878073256397e-05
ctarjeta_visa_descuentos_lag1	2.79043437158192e-06	3.27568653888995e-05	2.50878073256397e-05
Master_mpagosdolares_lag1	2.6471076328943e-06	6.48721871357909e-06	2.50878073256397e-05
ctarjeta_visa_descuentos_delta1	2.56518377930089e-06	7.4725282682437e-06	2.50878073256397e-05
mcajeros_propios_descuentos	2.46563274765822e-06	0.000110827236887965	6.27195183140993e-05
mvr_mpagosdolares_lag1	2.45692292007352e-06	4.14730685589728e-05	6.27195183140993e-05
minversion1_pesos_delta1	2.37424501889037e-06	8.11509434126439e-05	1.25439036628199e-05
Master_madelantopesos_lag1	2.28168104594378e-06	3.82834656204002e-06	1.25439036628199e-05
ccajeros_propios_descuentos_delta1	2.26714345538777e-06	3.57960733922176e-05	5.01756146512795e-05
Master_cadelantosefectivo_delta1	2.25746811376838e-06	7.21352655322852e-06	1.25439036628199e-05
ctarjeta_master_descuentos_lag1	2.0775106704439e-06	5.72460396685186e-05	5.01756146512795e-05
mv_msaldodolares	1.9725441035396e-06	1.99959505877317e-06	1.25439036628199e-05
cinversion2_lag1	1.94508594517576e-06	2.29283336412696e-06	1.25439036628199e-05
ctarjeta_visa_delta1	1.74195789501071e-06	4.82438952111066e-06	1.25439036628199e-05
ctarjeta_master_lag1	1.63942087718826e-06	2.85652800579881e-06	1.25439036628199e-05
Master_mpagado	1.4356204634211e-06	2.62026583529602e-06	1.25439036628199e-05
cpayroll_trx_delta1	1.33501355001751e-06	2.2378978488488e-05	3.76317109884596e-05
minversion2_delta1	1.28175298094338e-06	8.19293061424365e-05	1.25439036628199e-05
mvr_mpagosdolares_delta1	1.14893641663734e-06	7.16690624452579e-05	5.01756146512795e-05
ctarjeta_master_debitos_automaticos_lag1	1.11098757168562e-06	7.47874770336593e-05	6.27195183140993e-05
mcajeros_propios_descuentos_lag1	9.13449348636254e-07	9.70456729041869e-06	1.25439036628199e-05
mvr_msaldodolares_delta1	4.31831397163773e-07	2.05966394137595e-05	2.50878073256397e-05
catm_trx_other_lag1	4.26109975361504e-07	4.31113763769484e-06	1.25439036628199e-05
mv_mpagosdolares_lag1	3.53096307371291e-07	4.78476501630736e-06	1.25439036628199e-05
mv_mpagosdolares	1.95892210102253e-07	7.34444863226813e-06	2.50878073256397e-05
Visa_cadelantosefectivo_lag1	1.13699965896564e-07	1.87278815849793e-06	1.25439036628199e-05
mcheques_depositados_delta1	1.13129191252143e-07	3.77649955206131e-05	3.76317109884596e-05
mv_msaldodolares_lag1	6.99770686202879e-08	3.32850082800091e-06	1.25439036628199e-05
mv_mpagado_lag1	1.62887483971117e-08	1.61863556650097e-05	2.50878073256397e-05
minversion2_mean6	1.5344957734141e-08	7.32548487033336e-06	1.25439036628199e-05
mcheques_emitidos_rechazados_lag1	1.31744653959729e-08	8.63169351957205e-06	1.25439036628199e-05
mcajeros_propios_descuentos_mean6	3.72376441292083e-09	9.22313379951088e-06	1.25439036628199e-05
mtarjeta_visa_descuentos	1.82949054013663e-09	9.1437150918109e-06	1.25439036628199e-05
Visa_cadelantosefectivo	3.41206037760494e-11	2.6225567595566e-06	1.25439036628199e-05
Master_madelantodolares_mean6	1.18845557876549e-14	7.27109663140634e-06	3.76317109884596e-05
