Feature	Gain	Cover	Frequency
ctrx_quarter_normalizado	0.135111342214906	0.0138134188787525	0.00635167541642362
ctrx_quarter	0.0994693606183634	0.0108103980881863	0.00671462829736211
mcaja_ahorro	0.0403926474246685	0.0083302433770041	0.00908678462635297
mcuentas_saldo	0.0315859857102811	0.00971976030781459	0.0111348758830773
mtarjeta_visa_consumo	0.0242840582036252	0.0111542810477613	0.00859420571650787
cpayroll_trx	0.0222097858285541	0.0103480936961944	0.00277399701860134
mprestamos_personales	0.0189224307422101	0.0197859656322166	0.00508134033313889
ctarjeta_visa_trx	0.0160478393500776	0.00733870614549617	0.00824421543846004
mpayroll	0.0141730121004365	0.0125010364156284	0.00394063127876077
mcuenta_corriente	0.0139785794472445	0.00350125518854433	0.00578132088923456
mpasivos_margen	0.0132587559158177	0.00478137475874028	0.00480912567243503
mpayroll_sobre_edad	0.0130243815315728	0.0112482505967214	0.00429062155680861
ctrx_quarter_normalizado_lag1	0.0129554378748792	0.00238583640520796	0.00337027675157172
mdescubierto_preacordado_delta1	0.0116020570380491	0.0106014009524884	0.00156847494976991
mcaja_ahorro_lag1	0.0111380242717998	0.00278198956137663	0.00488690128977899
ctrx_quarter_normalizado_mean6	0.00918228702495773	0.00221095038333894	0.003473977574697
mprestamos_personales_mean6	0.00880203002163077	0.00690575561763361	0.00243696934344416
mv_msaldototal	0.007755747400639	0.00265663047846105	0.00377211744118219
cprestamos_personales_mean6	0.00721371359107868	0.00313400869692599	0.0016721757728952
ctrx_quarter_mean6	0.00709422633713391	0.00233876377201393	0.0036036036036036
mvr_mpagominimo	0.00578146591410294	0.00217847632345815	0.00270918400414803
cprestamos_personales	0.00573652471548016	0.0017417282333874	0.00141292371508199
mdescubierto_preacordado_mean6	0.00571142101054709	0.00146085195827567	0.00142588631797265
cproductos_delta1	0.0055511032058174	0.00325705884263653	0.000933307408127552
mactivos_margen	0.00548355961103182	0.00713479015083817	0.00668870309158079
ccomisiones_mantenimiento_delta1	0.00541762998818923	0.00470897828579573	0.00204809125672435
mprestamos_personales_lag1	0.00531848874489947	0.00200825076643533	0.00139996111219133
mv_msaldopesos	0.00513791560374095	0.00287945509655274	0.00418692073368332
mv_status02_mean6	0.00494304537762697	0.00162955254815676	0.000842569187892929
mv_status04	0.00487295336073295	0.000579202642495095	0.000337027675157172
mpasivos_margen_mean6	0.00481714435792434	0.00195100858273376	0.00456283621751248
mcaja_ahorro_dolares_delta1	0.00473101624198203	0.00722494199001849	0.00562576965454663
mactivos_margen_mean6	0.00472953453737948	0.00298637583605962	0.00489986389266965
cliente_edad_mean6	0.00449219418348897	0.00826350327101939	0.0111737636917493
mv_status01_mean6	0.00449111485628943	0.00146132019804023	0.000777756173439627
mcuentas_saldo_mean6	0.00440178763869799	0.00361439744714517	0.00532762978806144
mcomisiones_mantenimiento	0.00433227441136566	0.00547820619248229	0.00372026702961955
cpayroll_trx_lag1	0.00430499252728676	0.00210284004449557	0.00116663426015944
mcaja_ahorro_mean6	0.00420533245029441	0.00376354940940459	0.00622204938751701
Visa_msaldopesos	0.00401283011872332	0.00436314305203899	0.00431654676258993
ctarjeta_visa	0.00400747513698879	0.000129080390390869	0.000103700823125284
ccomisiones_mantenimiento_mean6	0.00397550433082187	0.00613568852633632	0.00480912567243503
mv_status07	0.00392266537815321	0.000390739707714153	0.000207401646250567
ctarjeta_master_mean6	0.00385963514551075	3.63843464767335e-05	5.18504115626418e-05
Visa_msaldototal	0.00371829502404756	0.00379045980665801	0.00432950936548059
mrentabilidad_mean6	0.00370897142554856	0.00173030239253115	0.00400544429321408
mcuenta_corriente_mean6	0.00364986007826533	0.00432777411766607	0.00753127227947372
mdescubierto_preacordado	0.0036257792735443	0.00108592681908034	0.000751830967658306
mtransferencias_recibidas	0.00350483724346974	0.00559271797588471	0.0045887614232938
Visa_status_mean6	0.00344784739292303	0.00276162164168324	0.000985157819690194
cliente_edad_lag1	0.00329641725983153	0.00614741454050569	0.00828310324713203
mrentabilidad_annual_mean6	0.00322887474835122	0.00288741823294093	0.00495171430423229
mrentabilidad_annual_delta1	0.0032045384306435	0.00416876795264906	0.00703869336962862
mprestamos_personales_delta1	0.0031414289424685	0.00683976186441087	0.00264437098969473
cpayroll_trx_mean6	0.00312148741147359	0.00261937889379292	0.00198327824227105
mrentabilidad_annual	0.00308947531863369	0.00150488460345576	0.00372026702961955
sb_call_hombk	0.00306474808032126	0.00510061787586787	0.00269622140125737
mcomisiones_otras_mean6	0.00303899573246694	0.00182221293618665	0.00480912567243503
mcuentas_saldo_delta1	0.0029892502625372	0.0108235920697222	0.0064553762395489
cliente_edad	0.00298156922791575	0.00606412894270954	0.00799792598353749
Visa_mpagominimo_mean6	0.00293026779260277	0.00127760125126611	0.00257955797524143
ccomisiones_mantenimiento	0.00271266674310868	0.00579744063850313	0.00206105385961501
ctrx_quarter_delta1	0.00271144654898646	0.00436083947051752	0.00558688184587465
numero_de_cliente	0.00261316793984733	0.0033256986860974	0.00654611445978352
sb_call_hombk_mean6	0.00260910724297963	0.00521652762020136	0.00374619223540087
foto_mes	0.00255042733523666	0.00244253638970503	0.00383693045563549
mtransferencias_emitidas_mean6	0.00254867524081108	0.0062950525020231	0.00808866420377212
ccallcenter_trx	0.00253669396764269	0.00712894340207864	0.00246289454922548
thomebanking	0.00248839599595161	0.00368109075465669	0.00194439043359907
mcomisiones_mantenimiento_mean6	0.00247538913661263	0.00209393532792722	0.003473977574697
mcaja_ahorro_delta1	0.00243950772831508	0.00448223993816864	0.00487393868688833
ctransferencias_recibidas_mean6	0.00242540167656631	0.00529581979078978	0.00703869336962862
mv_mpagominimo	0.00239322932416106	0.00229985766366792	0.0028517726359453
mpayroll_lag1	0.00235377076325673	0.00479716803204105	0.00447209799727785
mcuenta_corriente_delta1	0.00233042817273042	0.00611148657477988	0.00477023786376304
thomebanking_mean6	0.00230967479534068	0.00178476191606325	0.0029165856503986
mcomisiones_mean6	0.00225394760276407	0.00232405438705705	0.00499060211290427
Visa_mpagospesos_mean6	0.00223661061798952	0.00361522604790501	0.00394063127876077
chomebanking_trx_delta1	0.0021608917785606	0.00658410422812215	0.00467949964352842
mcuentas_saldo_lag1	0.00215401908967751	0.00350792518238012	0.00487393868688833
mtarjeta_visa_debitos_automaticos_mean6	0.00212841167119225	0.00221403245172387	0.00356471579493162
chomebanking_trx_mean6	0.0021067389476115	0.00189609000060896	0.00407025730766738
cproductos	0.0020780900559669	0.00618350126399482	0.00427765895391795
mactivos_margen_delta1	0.00207558497779127	0.00463197771019886	0.00374619223540087
cprestamos_personales_lag1	0.00207527578406432	0.000243827951387158	0.000337027675157172
mrentabilidad	0.0020508706399876	0.00224680451714109	0.00399248169032342
ctrx_quarter_lag1	0.00204328221881203	0.00155365231050337	0.00294251085617992
ctrx_quarter_normalizado_delta1	0.00204278620434923	0.0039762604566338	0.00425173374813663
mpayroll_mean6	0.00204260356132878	0.00460275404018701	0.00435543457126191
mactivos_margen_lag1	0.00204141789416995	0.00409832107604449	0.00448506060016851
ccaja_ahorro	0.00201015626134351	0.00540669965562622	0.0018018018018018
tmobile_app	0.00196093613011981	0.000811759940333594	0.00137403590641001
Visa_fechaalta_lag1	0.00196076536835401	0.00371749002053769	0.00496467690712295
mrentabilidad_annual_lag1	0.00195106702610627	0.00151185081760012	0.00421284593946464
mcuenta_debitos_automaticos	0.00192668571960094	0.00539055201459513	0.00316287510532115
mpayroll_sobre_edad_lag1	0.00188806619791162	0.00557664340167963	0.00597575993259447
Visa_fechaalta	0.00186673805731454	0.00340756171232126	0.00496467690712295
ctarjeta_visa_debitos_automaticos_mean6	0.00184218541379443	0.00302301763789709	0.00299436126774256
mcomisiones	0.00181515414902676	0.00187534629045092	0.00359064100071294
Visa_cconsumos_mean6	0.00179102557972953	0.00329953680938264	0.00379804264696351
mcaja_ahorro_dolares	0.0017905582831418	0.00467990266218003	0.00378508004407285
Master_Fvencimiento	0.00171054692960096	0.00187668967441597	0.00445913539438719
Visa_fechaalta_mean6	0.00167582262289102	0.00278754098244152	0.00517207855337352
ctarjeta_visa_trx_mean6	0.00166941426336054	0.00374641874540372	0.00475727526087238
mv_fechaalta	0.00164641562594188	0.00369381534878148	0.00475727526087238
mv_fechaalta_mean6	0.00162581000867305	0.00311950384807542	0.00451098580594984
chomebanking_trx	0.00161833675716076	0.00434661184205044	0.00387581826430747
ctransferencias_emitidas_mean6	0.00161059172659211	0.00268762445692917	0.00405729470477672
ccomisiones_otras_mean6	0.00160844667339646	0.0020659752166918	0.00460172402618446
cliente_antiguedad_mean6	0.00158589630050982	0.00227891464557088	0.00429062155680861
mcomisiones_otras	0.0015806701862607	0.00185437649393598	0.00333138894289973
mtarjeta_visa_consumo_mean6	0.00157050968908727	0.000616742668978974	0.00129626028906604
Master_fechaalta	0.00156898930735575	0.00289202361075601	0.00554799403720267
mrentabilidad_delta1	0.00156731046254142	0.00351929504359131	0.00361656620649426
mv_status01	0.0015638138633677	0.000243620992471612	0.000155551234687925
mcaja_ahorro_dolares_mean6	0.00155137514291694	0.00174711464839146	0.00343508976602502
Master_Fvencimiento_mean6	0.00154898503213872	0.00181215317719254	0.00442024758571521
mv_fultimo_cierre_mean6	0.0015487522472296	0.0029405379429637	0.00378508004407285
Visa_Fvencimiento	0.00153161453823171	0.00139207120933008	0.00394063127876077
mcuenta_corriente_lag1	0.00152775291562606	0.00205130625439433	0.00303324907641454
cliente_antiguedad	0.00152393351421787	0.00194751922736407	0.00384989305852615
Visa_Fvencimiento_lag1	0.00151494209591742	0.00130234030137602	0.00387581826430747
cproductos_mean6	0.00145517035617613	0.00345264419899962	0.00475727526087238
mtransferencias_recibidas_lag1	0.00143502317908998	0.00679133896137289	0.00368137922094757
mv_Fvencimiento	0.0014195726466247	0.00141395338479804	0.00395359388165144
mrentabilidad_lag1	0.00140280682959343	0.00140196698239358	0.00372026702961955
Master_fechaalta_mean6	0.00139601527535113	0.00189532885595899	0.00464061183485644
Visa_mfinanciacion_limite	0.00139532939076399	0.00165541029855385	0.00309806209086785
cliente_antiguedad_lag1	0.00138165214071072	0.0020739787757394	0.00370730442672889
Master_status	0.00137487245941493	0.0005694383387119	0.000337027675157172
mv_msaldototal_lag1	0.0013546306539586	0.000476657113925562	0.00086849439367425
mplazo_fijo_dolares	0.00130074529406609	0.00817787825962828	0.00137403590641001
mpayroll_sobre_edad_mean6	0.00129993990616851	0.00395942728810426	0.00487393868688833
Visa_mpagominimo	0.00129011554058798	0.0019202456637573	0.00375915483829153
Master_Fvencimiento_lag1	0.00128733456872706	0.00147999227878239	0.00370730442672889
cmobile_app_trx_mean6	0.00127591075519696	0.00177487175371588	0.00372026702961955
mtransferencias_recibidas_mean6	0.00126982757624518	0.00173016773534396	0.00423877114524597
Visa_fultimo_cierre_mean6	0.00126624176536352	0.00181825189811295	0.00303324907641454
mv_fechaalta_lag1	0.00125879695265789	0.00321979705666634	0.00408321991055804
mv_Fvencimiento_mean6	0.00124715429553407	0.0013600556979769	0.00366841661805691
Visa_msaldototal_mean6	0.00124706018515753	0.00102680058240453	0.00176291399312982
tcallcenter_mean6	0.00123894517955773	0.00230564958042887	0.00185365221336444
mpagomiscuentas	0.00123125855761902	0.00474096395834038	0.00221660509430294
Master_mfinanciacion_limite	0.00123038469775249	0.00150287239662438	0.00320176291399313
mv_mpagominimo_mean6	0.00120540305212421	0.000962037743791627	0.00171106358156718
mv_status07_delta1	0.00118962136991574	0.000969506117029898	0.000259252057813209
mv_cconsumos_mean6	0.00117587890860401	0.00221439077245874	0.00270918400414803
Visa_Fvencimiento_mean6	0.00117434803776042	0.00108013936538903	0.00324065072266511
mcomisiones_otras_lag1	0.00117276623821366	0.00104012565067183	0.00294251085617992
Visa_mpagado_mean6	0.00114901429126858	0.00294383933934293	0.00247585715211615
mcomisiones_lag1	0.00114721119462005	0.00105288862719562	0.00279992222438266
ccomisiones_otras	0.00114543748672379	0.00502501653636483	0.00261844578391341
Master_fechaalta_lag1	0.00113502582277345	0.00210540235654054	0.00436839717415257
ccallcenter_trx_mean6	0.00111240168278434	0.00152829225613054	0.00250178235789747
ccajas_consultas	0.00109249105741833	0.00520386716676328	0.00102404562836218
Master_fultimo_cierre_mean6	0.00108154359387377	0.00151414458036835	0.00289066044461728
mvr_msaldototal	0.00107581918663426	0.00174905646623862	0.00200920344805237
mv_status02	0.00106923394812203	0.00129934456150977	0.000349990278047832
mcomisiones_mantenimiento_lag1	0.00106297995985665	0.00226928104597033	0.00228141810875624
mvr_mpagominimo_mean6	0.00105636801834138	0.00134283334977377	0.0023591937261002
mv_Fvencimiento_lag1	0.00105523349235616	0.000950030173685394	0.00277399701860134
Master_mfinanciacion_limite_lag1	0.00104701576364735	0.00195302117211397	0.00286473523883596
ccaja_ahorro_mean6	0.00104194981895351	0.00162524479332929	0.00152958714109793
Visa_mfinanciacion_limite_mean6	0.0010237813712842	0.00136175026176538	0.00268325879836671
mautoservicio_mean6	0.00101660226689716	0.00222675092506743	0.00330546373711841
tcallcenter	0.0010127187915761	0.000710319722842283	0.000674055350314343
Master_mlimitecompra_lag1	0.00101028034170631	0.002585584530393	0.0022943807116469
mcaja_ahorro_dolares_lag1	0.00100489077071968	0.00118270975963234	0.00281288482727332
mv_status07_mean6	0.00098404268502937	0.000120344887920445	0.000246289454922548
mv_mpagospesos_mean6	0.00098379216560733	0.00156220380698788	0.00230734331453756
mpagomiscuentas_mean6	0.000980140895509994	0.00183421617073951	0.00265733359258539
sb_call_hombk_delta1	0.000977084226389805	0.00186848119671323	0.00110182124570614
mvr_msaldopesos2	0.000955451765814242	0.00152966050576936	0.00260548318102275
ctarjeta_debito_mean6	0.000950214516608495	0.00124396131007612	0.00251474496078813
Master_mlimitecompra	0.000946306728186707	0.000936774984337198	0.00233326852031888
tmobile_app_mean6	0.00093990561739683	0.000815675327580575	0.00263140838680407
ctarjeta_debito_trx_mean6	0.000922141084617489	0.0033200810840854	0.00320176291399313
ccaja_seguridad	0.00091926220900527	0.00341831515985547	0.000972195216799533
ccuenta_debitos_automaticos_mean6	0.000906674239991924	0.00692928479331918	0.00256659537235077
mvr_msaldopesos2_mean6	0.000901728325314469	0.00124640477695209	0.00331842634000907
Master_mfinanciacion_limite_mean6	0.000900376433067157	0.00109734819686694	0.00247585715211615
Visa_mconsumosdolares_mean6	0.000890713210483828	0.00133287560380026	0.00233326852031888
mpasivos_margen_delta1	0.000880317478442058	0.00122078382427907	0.00277399701860134
chomebanking_trx_lag1	0.000865812654686227	0.00116507311104929	0.00273510920992935
Visa_mlimitecompra_mean6	0.000865795769019956	0.00134062986852877	0.00232030591742822
mv_mpagospesos	0.000861846838065559	0.00052849605047467	0.0011795968630501
Visa_mconsumospesos	0.000859006847149519	0.00101563870023908	0.00264437098969473
mv_mfinanciacion_limite_mean6	0.000858888798798471	0.000838248641263107	0.00225549290297492
mpayroll_delta1	0.000854918623745586	0.00814446721015327	0.00356471579493162
ccajas_otras	0.000849940657928206	0.00373930257211908	0.000518504115626418
mtarjeta_visa_consumo_lag1	0.000849734037656793	0.00220302486425209	0.0028517726359453
cmobile_app_trx_lag1	0.000849229711404635	0.00121889110019807	0.00268325879836671
Visa_mpagominimo_lag1	0.000842689738819926	0.00115537779357127	0.00259252057813209
Visa_mconsumospesos_mean6	0.000836675621235853	0.0009412024769476	0.0023591937261002
ccajas_trx_mean6	0.000832297988416973	0.00209838054529995	0.00265733359258539
Master_status_mean6	0.000826610574438001	0.000388470300554586	0.000349990278047832
mtransferencias_emitidas	0.000821821470973455	0.00310881058822337	0.00421284593946464
mvr_mconsumospesos_mean6	0.000821717969138762	0.00097733204590538	0.00181476440469246
Visa_mpagospesos	0.000820994007324176	0.00219047560500646	0.00290362304750794
Visa_mpagospesos_delta1	0.000820362828641788	0.00124418114813551	0.00244993194633482
internet	0.000809070792601967	0.000803148638715753	0.00141292371508199
ccaja_ahorro_lag1	0.000799587357379257	0.00131610823366901	0.000985157819690194
mpasivos_margen_lag1	0.00079572601008629	0.000959017520800429	0.00267029619547605
mtransferencias_emitidas_lag1	0.000795402155310384	0.00123586134872404	0.00269622140125737
cmobile_app_trx	0.000794192213548948	0.00180180472135012	0.00185365221336444
mvr_Master_mlimitecompra	0.000784975956133586	0.00114808080220761	0.00224253030008426
mtarjeta_master_consumo	0.000784933674422996	0.00144988237065406	0.000699980556095664
mtransferencias_emitidas_delta1	0.000772866943692747	0.0021667107792433	0.00248881975500681
Visa_mlimitecompra_lag1	0.000770799007212879	0.000806007171069297	0.00191846522781775
cproductos_lag1	0.000770308153341031	0.0031435257466505	0.00331842634000907
mprestamos_hipotecarios_mean6	0.000770163644061266	0.00902433741885454	0.00106293343703416
mv_mconsumospesos	0.000755893886881642	0.000467706363981667	0.00116663426015944
Master_fultimo_cierre_lag1	0.00075235329337458	0.00350380589660821	0.00234623112320954
Visa_msaldopesos_mean6	0.000750403826664559	0.00144774315761203	0.00194439043359907
mvr_mpagominimo_lag1	0.000747551325867248	0.00136424639286323	0.00215179207984963
mv_fultimo_cierre_lag1	0.00074388361428882	0.00129076169602142	0.00267029619547605
Visa_cconsumos_lag1	0.000739620492739141	0.000972724627829891	0.00204809125672435
Master_mpagominimo_mean6	0.000738376428617521	0.00168208785108775	0.00174995139023916
Visa_cconsumos	0.000736014844600498	0.000732038167412171	0.0018018018018018
mextraccion_autoservicio_mean6	0.000734788248964984	0.00105694122195531	0.00200920344805237
mtarjeta_visa_debitos_automaticos	0.000721544337590438	0.000880372877860287	0.00165921317000454
mplazo_fijo_dolares_delta1	0.000721216335446156	0.00718378993750764	0.00107589603992482
mcomisiones_delta1	0.000719716270993327	0.00139348396214914	0.00220364249141228
mvr_Master_mlimitecompra_mean6	0.000717195620841909	0.00103438984107221	0.00216475468274029
ctarjeta_visa_trx_lag1	0.000710208506201225	0.00114485782833797	0.00333138894289973
Master_mlimitecompra_mean6	0.00070616485985237	0.000906715190105237	0.00203512865383369
mcomisiones_otras_delta1	0.000705431041735316	0.00131299262850355	0.00185365221336444
internet_mean6	0.000703437971328726	0.00155634430660078	0.00149069933242595
mvr_mconsumospesos	0.000698828889659562	0.000589090382033219	0.00155551234687925
ccajas_consultas_mean6	0.000691342888690677	0.00159449908905006	0.0016721757728952
mvr_msaldopesos	0.000686479411480314	0.00131731453763763	0.00171106358156718
Visa_mlimitecompra	0.000682521981428753	0.00101834561574076	0.00174995139023916
mv_mlimitecompra_mean6	0.000682413204045773	0.000889475627204879	0.00199624084516171
Visa_mfinanciacion_limite_lag1	0.000682074198236037	0.000798589166759947	0.00181476440469246
Visa_cconsumos_delta1	0.000675133591210479	0.00389903787520085	0.00163328796422322
mcuenta_debitos_automaticos_mean6	0.000674196483538234	0.0016741986741395	0.00195735303648973
mvr_Visa_mlimitecompra	0.000654276092427269	0.000935227701847217	0.00177587659602048
mpayroll_sobre_edad_delta1	0.000653882802318577	0.00531559348463816	0.00251474496078813
ctarjeta_debito_trx	0.00064773108550767	0.000816788799700445	0.00219067988852162
mvr_msaldopesos_lag1	0.000646496490352235	0.00229348401765698	0.00154254974398859
Visa_mpagospesos_lag1	0.00064406895895045	0.00132423318821114	0.0022295676971936
Master_cconsumos_mean6	0.00063830994384225	0.00125333477647413	0.0017369887873485
cpagomiscuentas_mean6	0.00063648819058722	0.00103765221747106	0.00198327824227105
mvr_mpagospesos_delta1	0.000619643951876531	0.00178925418694173	0.00184068961047378
matm_mean6	0.000602164653924995	0.000807469272687074	0.00197031563938039
Visa_fultimo_cierre_lag1	0.000599058281166898	0.000613696177634971	0.0016073627584419
mvr_Visa_mlimitecompra_lag1	0.000592207201712737	0.000737386200017231	0.00165921317000454
mvr_mpagospesos_lag1	0.000576300687967716	0.00102616873925817	0.00184068961047378
Visa_mconsumospesos_lag1	0.000576025926956434	0.000728915421335269	0.0017369887873485
ctransferencias_recibidas	0.000571713046955773	0.00120307334377236	0.00162032536133256
ccaja_seguridad_lag1	0.00056767898344693	0.00113168960508984	0.000479616306954437
Master_mpagominimo_lag1	0.000563221630983108	0.00137961962755168	0.0012444098775034
cextraccion_autoservicio_mean6	0.00056024721096813	0.00137830914278577	0.00189254002203643
ccomisiones_otras_lag1	0.000557707348013259	0.00143043766879711	0.00230734331453756
tpaquete9	0.000557488259484865	0.00182011516593425	0.000505541512735757
mplazo_fijo_dolares_mean6	0.00055715922603492	0.00232264775501923	0.000725905761876985
Visa_mconsumospesos_delta1	0.000556096969634943	0.000624185921510922	0.00191846522781775
mforex_sell_mean6	0.000556046631447086	0.00106214210077815	0.0016721757728952
mpagomiscuentas_lag1	0.000554055522601861	0.00266286538676397	0.0018666148162551
tpaquete7_mean6	0.000549983339173513	0.00532228643140359	0.000764793570548966
mv_mpagominimo_delta1	0.000546802997384019	0.00331043537043866	0.00156847494976991
cplazo_fijo	0.000545967269704159	0.00185094171553231	0.000479616306954437
mcomisiones_mantenimiento_delta1	0.000540821840355043	0.00144628934455218	0.000674055350314343
Visa_msaldototal_lag1	0.000537663913488654	0.00079775929083735	0.00165921317000454
mvr_msaldopesos_mean6	0.00053601319870998	0.000572949626881021	0.00143884892086331
mcuenta_debitos_automaticos_lag1	0.000535696232672711	0.00144451138511936	0.00133514809773803
Master_fultimo_cierre	0.000534805014465096	0.000724331593770794	0.00176291399312982
mv_fultimo_cierre	0.000534479654196472	0.000712746485086129	0.00162032536133256
internet_delta1	0.000528419320364415	0.000417171663900956	0.00119255946594076
mvr_msaldopesos2_lag1	0.000527095602962993	0.000769896219487776	0.00228141810875624
mv_mfinanciacion_limite	0.000525858237983625	0.000688393171710367	0.00143884892086331
catm_trx_mean6	0.000524901226657809	0.00218269711218556	0.00163328796422322
Master_mpagospesos_mean6	0.000522668155384146	0.00248805829746964	0.00238511893188152
mvr_mconsumospesos_lag1	0.000516153568742463	0.00143014756926977	0.00136107330351935
mautoservicio	0.000514679034979032	0.00154322326437467	0.00234623112320954
mv_msaldototal_mean6	0.000513988852511403	0.00135346221390657	0.00176291399312982
mvr_mpagospesos_mean6	0.0005119041417119	0.00108141707847207	0.0016721757728952
Master_msaldototal_mean6	0.000508184042977014	0.0008271817587231	0.00155551234687925
Master_msaldopesos	0.000507009188867636	0.0019761624432887	0.00138699850930067
mvr_mconsumototal_mean6	0.000504354241886134	0.000852067197517577	0.0012444098775034
mvr_msaldototal_lag1	0.000502392935395534	0.000714581316777931	0.00134811070062869
Visa_mconsumototal_mean6	0.000497180092169028	0.000504704446293597	0.00145181152375397
mv_mconsumospesos_lag1	0.000492148604976577	0.00132644572311172	0.00136107330351935
mvr_msaldototal_mean6	0.000491779247374062	0.000503533591849638	0.00137403590641001
mvr_Visa_mlimitecompra_mean6	0.000482778718735694	0.000813845469023526	0.00150366193531661
Visa_mconsumototal	0.000481872065220069	0.00054610719580257	0.00139996111219133
ctransferencias_emitidas	0.000477405828713853	0.00139183517670366	0.00158143755266057
Visa_mconsumosdolares_lag1	0.000476718455533571	0.000759324227613965	0.00149069933242595
Visa_msaldototal_delta1	0.000476295533765016	0.00205369323156014	0.00163328796422322
mvr_mconsumosdolares_mean6	0.000475934779709612	0.000803350241947718	0.00154254974398859
mv_mconsumosdolares_mean6	0.000473609512466705	0.000551870293885204	0.00141292371508199
mtransferencias_recibidas_delta1	0.000472354480807332	0.00125059585438724	0.00184068961047378
mvr_Master_mlimitecompra_lag1	0.000470089953042541	0.000799055493780374	0.00146477412664463
mv_status06	0.000460237598891242	0.000106682794136323	9.07382202346231e-05
Master_msaldototal	0.00045794858855298	0.00115173261331261	0.0012444098775034
ccuenta_debitos_automaticos	0.000454805144935024	0.00310181415272166	0.000998120422580854
Visa_mconsumototal_lag1	0.000453431990707971	0.000546791958203361	0.00128329768617538
Visa_mconsumosdolares	0.00043862255909427	0.000537926261615393	0.00127033508328472
mv_msaldopesos_mean6	0.000433814531778708	0.000903359981857637	0.00145181152375397
Visa_mpagominimo_delta1	0.000433779543041435	0.000693698613879325	0.00136107330351935
Master_mconsumospesos_mean6	0.000433370738970472	0.00124263208041767	0.00203512865383369
ccajas_extracciones_mean6	0.000431854835660536	0.00184827560523887	0.00119255946594076
Master_msaldopesos_mean6	0.000430398816712035	0.000602410222133221	0.00143884892086331
mautoservicio_lag1	0.000418038949392967	0.000961855012968473	0.00177587659602048
ccajas_otras_delta1	0.000411429145748487	0.00265931954168412	0.000349990278047832
Master_msaldopesos_lag1	0.000406134060420718	0.00110405504290641	0.00102404562836218
thomebanking_delta1	0.000405596255139361	0.000290258030067673	0.00028517726359453
mvr_mpagospesos	0.000405579871086261	0.00088789136499493	0.00164625056711388
ctransferencias_emitidas_lag1	0.000401751232143286	0.000683335238632644	0.00114070905437812
cplazo_fijo_mean6	0.00039869946729453	0.00176226970273209	0.000544429321407739
mv_mconsumospesos_mean6	0.000395702657397445	0.000384191491921711	0.00120552206883142
mv_mpagospesos_delta1	0.000395627348489513	0.00105252584339111	0.00123144727461274
mv_mlimitecompra	0.000393456659974537	0.000556275981212452	0.000920344805236892
mv_cconsumos_lag1	0.000393445649473893	0.00117449082559499	0.00121848467172208
Visa_fultimo_cierre	0.000390748342382614	0.000478520254230581	0.00114070905437812
mprestamos_prendarios	0.000388003222220064	0.00686639861173653	0.000751830967658306
mv_mpagospesos_lag1	0.000384364675777309	0.000569222326140775	0.00130922289195671
mv_mpagominimo_lag1	0.000381835860022015	0.000661325036823835	0.00147773672953529
mv_status06_mean6	0.000379539897286528	0.00010760065628919	0.000142588631797265
Master_mpagospesos_lag1	0.000379064351154409	0.00263034376331233	0.00132218549484737
mv_msaldopesos_lag1	0.000375765637215565	0.000613560882866398	0.00086849439367425
mtarjeta_visa_consumo_delta1	0.000375407786037776	0.000741580975424385	0.00127033508328472
Master_msaldototal_lag1	0.000373178536509806	0.000514437636105509	0.00088145699656491
mv_mfinanciacion_limite_lag1	0.000371901773260394	0.000458902640303715	0.00108885864281548
mv_status04_delta1	0.000371601489551953	0.000173732892187394	7.77756173439627e-05
mtarjeta_visa_debitos_automaticos_lag1	0.000368344743153212	0.000538722855790019	0.00125737248039406
internet_lag1	0.000364928594056403	0.000310554413130369	0.000777756173439627
mvr_mpagado_mean6	0.000361137385255492	0.000991633888844952	0.00133514809773803
mvr_msaldopesos2_delta1	0.000356685100089944	0.00145370977167077	0.0012444098775034
ccheques_emitidos_mean6	0.000347433812906994	0.00556274349004123	0.000687017953205004
ctarjeta_master_trx_mean6	0.000347149220498629	0.00170151457314982	0.000985157819690194
mv_mpagado_mean6	0.000345703385053514	0.00147827335938525	0.00145181152375397
Visa_msaldopesos_delta1	0.000343976141607664	0.000740591831673373	0.00132218549484737
ctarjeta_debito	0.000341809634482379	0.000576076453478747	0.000933307408127552
ctarjeta_visa_debitos_automaticos	0.000341777267181181	0.00102249218999568	0.000894419599455571
ctarjeta_debito_lag1	0.00033618666364099	0.000499220608854862	0.000946270011018212
mvr_mconsumototal	0.00033402552858208	0.000374543610498277	0.000738868364767645
mforex_sell	0.000333680364687258	0.00215732851422226	0.000596279732970381
Visa_mconsumototal_delta1	0.00033069773334648	0.00048901216588322	0.00108885864281548
mv_mlimitecompra_lag1	0.000329512124799296	0.000317170595097787	0.000972195216799533
mtarjeta_visa_debitos_automaticos_delta1	0.000329465661535541	0.00144794182796966	0.0011795968630501
mv_cconsumos_delta1	0.000328441142639633	0.00146474579527204	0.000829606585002269
Visa_msaldopesos_lag1	0.000325639851143832	0.00089867834930966	0.00147773672953529
mextraccion_autoservicio_lag1	0.00032163375584338	0.000404708605657735	0.00106293343703416
Master_mpagospesos	0.000321596098620583	0.00241233199201636	0.00162032536133256
mv_Finiciomora_lag1	0.000320256161584453	0.0035352975711006	0.00058331713007972
mvr_mpagominimo_delta1	0.000320151066617767	0.000704181471876386	0.0011147838485968
mvr_msaldodolares2_mean6	0.000316965488869854	0.000865024891394442	0.00114070905437812
cmobile_app_trx_delta1	0.000311178986897638	0.000649593666970881	0.00107589603992482
mvr_msaldodolares_mean6	0.000310166614354856	0.00174986887243144	0.00106293343703416
ctarjeta_debito_trx_lag1	0.000309522381218383	0.000528993874015207	0.00156847494976991
ccomisiones_mantenimiento_lag1	0.000306939166680354	0.000244250540325002	0.000492578909845097
mv_mconsumototal	0.000305612842506075	0.000199585924482281	0.000531466718517078
matm_other_mean6	0.000300105733821102	0.000630679177788515	0.000842569187892929
ctarjeta_visa_trx_delta1	0.000298330050879221	0.000895086343337988	0.000855531790783589
mvr_mconsumosdolares_lag1	0.000293531645252206	0.000519306717578842	0.000894419599455571
ctransferencias_recibidas_lag1	0.00029308337097183	0.000689669099565546	0.00125737248039406
Visa_mpagosdolares_mean6	0.000288870968921243	0.00040645659876575	0.00088145699656491
mv_mconsumototal_mean6	0.000280132274914097	0.000316158753449691	0.000777756173439627
ccallcenter_trx_delta1	0.000279355376436282	0.000460384761976787	0.000492578909845097
ctransferencias_emitidas_delta1	0.000277244687142903	0.00120494209479351	0.000933307408127552
Master_Fvencimiento_delta1	0.000276999403966276	0.00023741171494012	0.000440728498282455
mvr_mpagosdolares_mean6	0.000276779306194852	0.001879510972017	0.000790718776330287
ccajas_trx	0.000276509026741617	0.000450711249781927	0.000324065072266511
Visa_Finiciomora_mean6	0.000276256103831544	0.0025361746513807	0.000635167541642362
ccaja_seguridad_mean6	0.000273945535501104	0.000787595988627325	0.00028517726359453
mvr_mconsumospesos_delta1	0.000271955127844256	0.00128787383492445	0.00114070905437812
mvr_msaldototal_delta1	0.000263430039760136	0.00100238045050027	0.00136107330351935
ctarjeta_master	0.000258941249939802	7.41934323024495e-05	0.000116663426015944
mvr_mconsumototal_lag1	0.000257622961719045	0.000782633565240141	0.000790718776330287
Master_Finiciomora_mean6	0.000257408178901288	0.00164616855646869	0.000324065072266511
Master_mconsumototal_mean6	0.00025671897601901	0.000705203642342817	0.000985157819690194
Master_fultimo_cierre_delta1	0.000254802278970994	0.000508926382667487	0.000687017953205004
Visa_status	0.000254550860800241	0.00016801123689438	7.77756173439627e-05
mv_status06_delta1	0.000250712951656226	0.000992120873502051	0.000155551234687925
Visa_mconsumosdolares_delta1	0.000248230596975082	0.000353765853494615	0.000920344805236892
ctarjeta_visa_debitos_automaticos_lag1	0.000243467728082253	0.000644281211406757	0.000751830967658306
mv_cconsumos	0.000241504471048104	0.000298406575120809	0.000751830967658306
tmobile_app_lag1	0.000240158463167999	0.000279399764154797	0.000751830967658306
ccuenta_debitos_automaticos_lag1	0.00023878356460021	0.00109460353654764	0.000674055350314343
cprestamos_hipotecarios_mean6	0.000236752521327054	0.00228386036432594	0.000349990278047832
mautoservicio_delta1	0.000236721237608778	0.000557128299999582	0.0010499708341435
ccomisiones_otras_delta1	0.000232102348075498	0.000440821469983391	0.000777756173439627
ctarjeta_debito_trx_delta1	0.000230961263045888	0.00111631190733174	0.000920344805236892
mv_Finiciomora_mean6	0.000224449544164356	0.000604783300024975	0.000337027675157172
cforex_mean6	0.000223666235613853	0.000597513342111774	0.000725905761876985
Master_mpagominimo	0.000222444549440835	0.000332751553799432	0.000674055350314343
mv_msaldopesos_delta1	0.000222367717374306	0.0012798420947799	0.00116663426015944
mv_Fvencimiento_delta1	0.000214017162397431	0.000303264562678151	0.000453691101173116
Master_mlimitecompra_delta1	0.000213489405398529	0.000402571305359847	0.000375915483829153
Visa_mfinanciacion_limite_delta1	0.000209362464104213	0.000672321402863351	0.000518504115626418
Master_mconsumospesos_lag1	0.000206722591667652	0.000502171845540877	0.000712943158986325
Master_delinquency_mean6	0.000205024065020982	0.000708775755775472	0.000246289454922548
cpagomiscuentas	0.00019836062128095	0.000432074618564425	0.000596279732970381
mv_mconsumosdolares_lag1	0.000198070317108379	0.000284391516285404	0.000622204938751701
mvr_msaldopesos_delta1	0.000197062014175626	0.000991421829278376	0.00101108302547151
mtarjeta_master_consumo_mean6	0.000194954229442269	0.000455525626772962	0.000674055350314343
Master_fechaalta_delta1	0.000193804829660827	0.000163424986520666	0.000440728498282455
mv_mfinanciacion_limite_delta1	0.000193755083578354	0.00138511264616227	0.000401840689610474
tmobile_app_delta1	0.000191351756593875	0.000266764686455586	0.000531466718517078
ctransferencias_recibidas_delta1	0.000189731525731633	0.000478987473864938	0.000674055350314343
Visa_Fvencimiento_delta1	0.00018960308187909	0.000257502541766304	0.000388878086719813
minversion1_pesos	0.000189179069562734	0.00344975187483301	0.000388878086719813
catm_trx_other_mean6	0.000187440827779861	0.000398284335685324	0.000712943158986325
Visa_delinquency_mean6	0.000184602527838876	0.000940395426438363	0.000414803292501134
sb_call_hombk_lag1	0.000183266211291577	0.00140563817597249	0.000699980556095664
cextraccion_autoservicio_lag1	0.00018273304256044	0.000369882635586972	0.000635167541642362
mv_mconsumototal_lag1	0.000182602608962238	0.00042851002859204	0.000648130144533022
Master_mfinanciacion_limite_delta1	0.000181275425682023	0.000606596708982451	0.000492578909845097
mv_mpagosdolares_mean6	0.000179538986449897	0.000867931497383944	0.000479616306954437
mv_msaldototal_delta1	0.000179234052567676	0.0012147274387622	0.00128329768617538
mdescubierto_preacordado_lag1	0.000178784265918741	0.000205518746727941	0.000259252057813209
Master_msaldopesos_delta1	0.000177961544080831	0.000978582980570512	0.000674055350314343
mcuenta_debitos_automaticos_delta1	0.000175361690832807	0.00298625903115103	0.000959232613908873
mv_mconsumospesos_delta1	0.000172142004446667	0.000645922473391967	0.000738868364767645
ctarjeta_visa_debitos_automaticos_delta1	0.000171851130563684	0.000616200852323301	0.000505541512735757
mvr_mconsumototal_delta1	0.000171352956091767	0.000601292286943699	0.000609242335861041
minversion1_pesos_lag1	0.000168702893483398	0.00284152895078588	0.000349990278047832
Visa_mpagado	0.000167032444227105	0.00046346785049193	0.000557391924298399
ccaja_ahorro_delta1	0.000165742863263727	0.00486524195827014	0.000531466718517078
Master_mconsumosdolares_mean6	0.000164832207359491	0.000412729634435118	0.000933307408127552
mcaja_ahorro_adicional	0.000164592591683406	0.00358602099526942	0.000427765895391795
ccajas_consultas_delta1	0.000162732394009105	0.000489787592356071	0.000220364249141228
Visa_msaldodolares_mean6	0.00016258999692088	0.000556611349017681	0.000609242335861041
sb_invcomunes_mean6	0.000160990821057003	0.00400715063685346	0.000492578909845097
mtarjeta_master_consumo_lag1	0.000160734593459433	0.000466948279722319	0.000544429321407739
cseguro_accidentes_personales_mean6	0.000160318342065431	0.000377775893056052	0.000414803292501134
Visa_fultimo_cierre_delta1	0.000158565558755796	9.90069519174021e-05	0.000324065072266511
mvr_mconsumosdolares	0.000156360812319237	0.000201977109685192	0.000518504115626418
mv_status05_mean6	0.000155811572427238	0.000254172454225028	0.000311102469375851
mextraccion_autoservicio	0.000155724047276911	0.000317300406666503	0.000622204938751701
mv_mconsumototal_delta1	0.000154579647636183	0.000317040656012796	0.000544429321407739
mextraccion_autoservicio_delta1	0.000149916653288181	0.00053933557149501	0.000764793570548966
mv_msaldodolares_mean6	0.000149646698115152	0.00051523588799172	0.000596279732970381
Visa_mpagosdolares	0.000149588500176006	0.000382326821421382	0.000375915483829153
mvr_mconsumosdolares_delta1	0.000149121539690722	0.000333546490262473	0.000518504115626418
cpagomiscuentas_lag1	0.000148108625866153	0.000266279742058899	0.000440728498282455
mv_fechaalta_delta1	0.000147432254532714	0.000162692915581571	0.000337027675157172
mv_fultimo_cierre_delta1	0.000147222841712505	0.000408617744607203	0.000440728498282455
mv_mconsumosdolares_delta1	0.000146724563098417	0.000345201350349975	0.000466653704063776
Master_mpagosdolares_mean6	0.000143527578288927	0.00131088491198164	0.000674055350314343
mv_mconsumosdolares	0.000141360637083284	0.000429530668863163	0.000479616306954437
Visa_mlimitecompra_delta1	0.00014106996419477	0.000418891730944581	0.000388878086719813
tpaquete9_mean6	0.000140958619543878	0.000346043467835045	0.000349990278047832
ccuenta_debitos_automaticos_delta1	0.000140007823113683	0.00203957985767613	0.000349990278047832
mprestamos_prendarios_mean6	0.000136456660345821	0.00162881779937588	0.000220364249141228
mv_Finiciomora	0.000136012809025822	0.0029688042207772	0.000375915483829153
ctarjeta_master_trx_lag1	0.000130994853192994	0.000129359778551043	0.000375915483829153
cforex_sell_mean6	0.000127596255267414	0.000154825416400194	0.000414803292501134
Master_mconsumototal_lag1	0.000125736967994511	0.000289176692049292	0.000349990278047832
active_quarter_mean6	0.000124538173130683	0.000261826363644519	0.00028517726359453
Master_mpagospesos_delta1	0.000122412049120292	0.000436183065452894	0.000531466718517078
Master_mpagominimo_delta1	0.000121840938213842	0.000413089357849016	0.000479616306954437
ctarjeta_debito_delta1	0.000118717080203361	0.0030099402062373	0.000349990278047832
Master_mconsumospesos	0.000117940318845174	0.000305649882132377	0.000544429321407739
cseguro_vida_mean6	0.000115895065807473	0.00223366090453418	0.000362952880938492
Master_mconsumototal	0.000115655958561235	0.000226769461598369	0.00029813986648519
thomebanking_lag1	0.000114629325995806	0.000147710518278308	0.00029813986648519
ctarjeta_master_debitos_automaticos_mean6	0.000111850097914878	0.00108073869188507	0.000311102469375851
Master_msaldototal_delta1	0.000109253956013669	0.000632449231212235	0.000505541512735757
mplazo_fijo_dolares_lag1	0.000108786406572029	0.00062818814734169	0.000272214660703869
cforex_buy_mean6	0.000108754525924752	0.00150190671586811	0.000194439043359907
mttarjeta_master_debitos_automaticos_mean6	0.000108478374475787	0.000220766632917321	0.00028517726359453
matm	0.000107533761133197	0.000306027075276053	0.00058331713007972
mvr_mpagado	0.000104036681570532	0.000791326987339567	0.000557391924298399
ccheques_depositados_mean6	0.000102138287551374	0.00119109982051175	0.000414803292501134
mcheques_depositados_mean6	0.000102027356168172	0.000993985799034931	0.000324065072266511
matm_lag1	0.000101337183627326	0.000460570298158006	0.000622204938751701
Master_cconsumos	9.68929512624421e-05	0.000217501706192954	0.00029813986648519
mv_status05_delta1	9.67016980280909e-05	0.000331498451357613	0.000129626028906604
mcaja_ahorro_adicional_lag1	9.64632751376242e-05	0.00185902573734991	0.000220364249141228
ccajas_depositos_mean6	9.51493921536139e-05	0.000906650411837154	0.00028517726359453
mcheques_emitidos_mean6	9.25779162432237e-05	0.000949052633915475	0.000194439043359907
Visa_fechaalta_delta1	9.2311976794107e-05	0.000101273298686351	0.000220364249141228
ccajas_otras_mean6	9.0214245992404e-05	0.000263738342683152	0.000155551234687925
matm_delta1	8.69859059086113e-05	0.000326522256212648	0.000427765895391795
cextraccion_autoservicio	8.61729349033941e-05	0.000120408008476942	0.00029813986648519
mttarjeta_master_debitos_automaticos_lag1	8.33619351205041e-05	0.00031190927356024	0.000246289454922548
mv_status04_mean6	8.17486177997201e-05	0.000155092052932792	0.000259252057813209
Visa_delinquency_lag1	8.11740247070649e-05	5.812115339033e-05	9.07382202346231e-05
mvr_msaldodolares_lag1	8.08760471164032e-05	0.000345534805411068	0.000440728498282455
Visa_mpagado_delta1	8.0003017490183e-05	0.000424531648304838	0.00028517726359453
Master_mconsumosdolares_lag1	7.84631635228431e-05	0.000130972476890485	0.000207401646250567
mv_mlimitecompra_delta1	7.84401319884764e-05	0.000129135987487097	0.000155551234687925
mpagomiscuentas_delta1	7.84300876282245e-05	0.000471010820751517	0.000518504115626418
ctarjeta_master_trx	7.65348925882863e-05	0.000603085293297055	0.000324065072266511
mvr_mpagosdolares	7.52470750493121e-05	0.000325417582715804	0.000401840689610474
matm_other_lag1	7.33703216451774e-05	0.000138235038859692	0.000324065072266511
Visa_msaldodolares	7.26836033696389e-05	0.000130247419346556	0.000194439043359907
tpaquete7	7.21781163639559e-05	0.000681036885278482	0.000103700823125284
matm_other_delta1	7.18930177232581e-05	0.000462751974119856	0.000324065072266511
mv_status05	7.1781889362383e-05	0.000182124483262114	0.000129626028906604
Master_cconsumos_delta1	7.12896543125745e-05	0.000177304495554945	0.000246289454922548
cextraccion_autoservicio_delta1	7.04450874332785e-05	0.000197064672678103	0.000259252057813209
Master_mconsumospesos_delta1	7.02118864205911e-05	0.00020903309528768	0.000233326852031888
tcuentas_mean6	6.84465405722835e-05	0.00029409754513058	0.000142588631797265
mv_mpagado	6.7877437109293e-05	0.000948791863131561	0.00057035452718906
catm_trx_lag1	6.67250190546372e-05	0.000173768469228329	0.000259252057813209
cpagomiscuentas_delta1	6.66182612336923e-05	0.000833206902752405	0.00029813986648519
mforex_buy_mean6	6.60682665054348e-05	0.000717253802885152	0.000181476440469246
mtarjeta_master_consumo_delta1	6.57640304835504e-05	0.000424052314624284	0.000337027675157172
matm_other	6.52143783527348e-05	0.000535160688626873	0.00028517726359453
ccallcenter_trx_lag1	6.45903179382032e-05	0.000245664568306822	0.000194439043359907
Visa_Finiciomora	6.45615508981902e-05	0.000379767187218202	9.07382202346231e-05
Master_mconsumototal_delta1	6.43829579355725e-05	0.0001153848873425	0.00029813986648519
mvr_msaldodolares2_lag1	6.17275213685299e-05	0.000243793904541533	0.000272214660703869
cplazo_fijo_lag1	6.15884572268535e-05	0.000279931889573512	0.000116663426015944
Master_cconsumos_lag1	6.07364120829456e-05	0.000204604455030796	0.000220364249141228
tpaquete9_lag1	6.06512803008739e-05	0.000279182093872088	0.000116663426015944
ccajas_trx_delta1	5.95895001304305e-05	0.000263467115564627	0.000181476440469246
mvr_mpagado_delta1	5.75259192428365e-05	0.000368463761986674	0.000246289454922548
mv_mpagado_lag1	5.6608265389176e-05	0.000408290155294795	0.000324065072266511
Visa_mpagosdolares_lag1	5.46302469225626e-05	7.02382599774345e-05	0.000181476440469246
mcaja_ahorro_adicional_mean6	5.34939140638841e-05	0.000660865213133471	0.000116663426015944
ctarjeta_visa_mean6	5.09961324738256e-05	8.73029980637356e-05	9.07382202346231e-05
Visa_Finiciomora_lag1	5.02777776067846e-05	0.000784210048957269	0.000129626028906604
mv_status03_delta1	4.97028327152014e-05	0.000101401580059758	2.59252057813209e-05
mforex_sell_lag1	4.64196486540348e-05	6.08885116067105e-05	0.000194439043359907
catm_trx	4.63955368020217e-05	8.0178153672341e-05	0.000207401646250567
mforex_sell_delta1	4.53900557989621e-05	0.000250945909899662	0.000103700823125284
ctarjeta_master_trx_delta1	4.42112134721238e-05	0.000198464418837038	0.000207401646250567
mvr_Master_mlimitecompra_delta1	4.38286873139745e-05	8.81961220591061e-05	0.000103700823125284
mtarjeta_visa_descuentos_mean6	4.33072892908597e-05	0.000165593273273561	0.000116663426015944
Visa_mpagado_lag1	4.25981558073051e-05	0.000160195891869785	0.000181476440469246
Visa_msaldodolares_delta1	4.24760963120405e-05	0.000174927592174919	0.000181476440469246
active_quarter_lag1	4.22245354820323e-05	4.143195073612e-05	0.000116663426015944
cpayroll_trx_delta1	4.19666436632257e-05	0.000436431084609233	0.000544429321407739
Master_mpagado_mean6	4.10228400198294e-05	0.000379982307175397	0.00028517726359453
ctarjeta_master_descuentos_mean6	4.01988357220734e-05	0.000419109273711015	0.000116663426015944
cprestamos_prendarios_mean6	3.91844163282662e-05	0.000311580919150177	7.77756173439627e-05
ccajas_extracciones	3.91222028936519e-05	0.000298254575720112	0.000155551234687925
Visa_delinquency	3.75159768363735e-05	0.000142124412786418	5.18504115626418e-05
cprestamos_personales_delta1	3.57094333782386e-05	3.8014642062229e-05	1.29626028906604e-05
mv_status05_lag1	3.53053452586924e-05	9.11397077685765e-06	1.29626028906604e-05
tcallcenter_lag1	3.4491570319922e-05	0.000101844571601722	0.000103700823125284
Visa_msaldodolares_lag1	3.20782586346099e-05	9.99278744608866e-05	0.000129626028906604
cseguro_accidentes_personales	3.1630031994081e-05	6.17107365527626e-05	9.07382202346231e-05
Visa_delinquency_delta1	3.13897336561007e-05	0.00010949860853749	3.88878086719813e-05
cseguro_vivienda_mean6	3.10317138830722e-05	8.33020473957255e-05	0.000129626028906604
mv_status01_delta1	3.02246126097095e-05	4.17155469333935e-05	9.07382202346231e-05
catm_trx_delta1	2.96321645472053e-05	0.000116297393811785	0.000207401646250567
tcuentas_lag1	2.88930818093353e-05	0.000477553935892929	9.07382202346231e-05
cseguro_vida_lag1	2.7194837444213e-05	0.000208878035496365	9.07382202346231e-05
cforex_sell	2.65249003631152e-05	0.000191395044025595	7.77756173439627e-05
mv_msaldodolares	2.62844693786971e-05	0.000114966633958032	0.000103700823125284
ccajas_trx_lag1	2.54096349404235e-05	4.46301864482682e-05	7.77756173439627e-05
minversion1_pesos_mean6	2.45338002216781e-05	0.000375993598069859	7.77756173439627e-05
catm_trx_other	2.41190004039674e-05	0.000245673366929848	0.000116663426015944
mvr_msaldodolares_delta1	2.37171175232638e-05	0.00010897502670925	5.18504115626418e-05
mvr_msaldodolares	2.3563123842561e-05	0.000126093321631367	0.000116663426015944
mvr_msaldodolares2_delta1	2.29619221243213e-05	0.000299847126487984	0.000116663426015944
Master_mpagado_lag1	2.28413977741223e-05	9.58836957753964e-05	7.77756173439627e-05
tcallcenter_delta1	2.25433568497183e-05	0.000104758701051494	9.07382202346231e-05
mvr_mpagado_lag1	2.23635896397726e-05	6.48512073919949e-05	0.000116663426015944
mv_mpagado_delta1	2.09061812845562e-05	0.00012830011829954	0.000129626028906604
Master_mpagosdolares_delta1	2.00583275403961e-05	4.10992607726817e-05	0.000116663426015944
cliente_edad_delta1	1.92702145179609e-05	4.54529214594232e-05	5.18504115626418e-05
cseguro_auto_mean6	1.88494057791807e-05	7.10331964404755e-05	3.88878086719813e-05
mttarjeta_master_debitos_automaticos	1.76531225323757e-05	0.000252593420182385	6.48130144533022e-05
ctarjeta_visa_descuentos_mean6	1.75090751541566e-05	9.83038271729028e-05	5.18504115626418e-05
mv_status03_mean6	1.6828636102579e-05	0.000235771728117668	0.000220364249141228
Master_mpagosdolares_lag1	1.67216012200909e-05	1.66617866549232e-05	7.77756173439627e-05
ccajas_extracciones_lag1	1.66985035964496e-05	5.34448765259347e-05	5.18504115626418e-05
Master_msaldodolares	1.65614468960595e-05	0.000395262965047645	7.77756173439627e-05
cseguro_vida	1.64853606185275e-05	4.70674050267255e-05	3.88878086719813e-05
tpaquete7_lag1	1.62034508824176e-05	6.2400344572032e-05	1.29626028906604e-05
cpagodeservicios_mean6	1.56943538349126e-05	0.000351605217718265	0.000181476440469246
Visa_madelantopesos_mean6	1.56200552476953e-05	1.03276706894698e-05	3.88878086719813e-05
mvr_msaldodolares2	1.53821130660481e-05	6.75794181117194e-05	9.07382202346231e-05
Master_mpagosdolares	1.52883399779724e-05	2.84371496230111e-05	9.07382202346231e-05
Master_status_lag1	1.52505253104502e-05	0.000244283567040422	3.88878086719813e-05
catm_trx_other_lag1	1.50113401235273e-05	7.6335323186264e-05	7.77756173439627e-05
Master_msaldodolares_mean6	1.46450984955798e-05	4.67194131101969e-05	7.77756173439627e-05
mv_msaldodolares_delta1	1.42930190195051e-05	3.73344702473653e-05	5.18504115626418e-05
mvr_mpagosdolares_lag1	1.40042912237331e-05	4.7449953853983e-05	6.48130144533022e-05
cseguro_vivienda	1.38855156635847e-05	2.59855217053937e-05	3.88878086719813e-05
cseguro_accidentes_personales_lag1	1.38245755224813e-05	1.90861260895296e-05	3.88878086719813e-05
Master_mpagado	1.38136679614406e-05	0.000139795965591178	0.000103700823125284
mv_mpagosdolares	1.29680484917194e-05	2.19996179579224e-05	5.18504115626418e-05
Master_cadelantosefectivo_lag1	1.16654708396237e-05	1.00073498047796e-05	3.88878086719813e-05
cinversion2_mean6	1.14616799455747e-05	0.000114209824861441	2.59252057813209e-05
cforex_sell_lag1	1.14515139600025e-05	4.36837606496332e-05	3.88878086719813e-05
Master_mconsumosdolares_delta1	1.12109246274747e-05	2.41645892876482e-05	9.07382202346231e-05
cforex	1.11832938537081e-05	2.61637894588957e-05	6.48130144533022e-05
ccajas_extracciones_delta1	1.08530557537682e-05	0.000101472351592801	3.88878086719813e-05
mttarjeta_master_debitos_automaticos_delta1	1.08033449501016e-05	5.32752798791839e-05	5.18504115626418e-05
mvr_mpagosdolares_delta1	1.04255328500051e-05	3.86997870118472e-05	3.88878086719813e-05
Master_mconsumosdolares	1.03682910560537e-05	1.78731912745719e-05	7.77756173439627e-05
Visa_madelantodolares_mean6	9.73865963079415e-06	8.35869187557566e-06	1.29626028906604e-05
Master_msaldodolares_delta1	9.71865375933728e-06	1.85714704005925e-05	2.59252057813209e-05
catm_trx_other_delta1	9.23799435882003e-06	5.78841006337061e-05	9.07382202346231e-05
mv_mpagosdolares_lag1	9.23236621898845e-06	1.01939061162055e-05	3.88878086719813e-05
Master_delinquency	9.20703681318029e-06	3.20908734721472e-05	2.59252057813209e-05
Visa_madelantodolares	9.1057263514532e-06	2.53029270812907e-05	5.18504115626418e-05
mv_status03	8.97138955059709e-06	1.09304401249519e-05	2.59252057813209e-05
cinversion1_mean6	8.8125067888885e-06	0.00025105225847364	6.48130144533022e-05
cforex_lag1	8.78413051077709e-06	7.39632654247162e-06	2.59252057813209e-05
Master_cadelantosefectivo_mean6	8.46337389984759e-06	3.69968071491727e-05	0.000142588631797265
mv_mpagosdolares_delta1	8.1177068712065e-06	3.93239791816556e-05	2.59252057813209e-05
mv_cadelantosefectivo_mean6	7.92525250788856e-06	2.00256660092739e-05	1.29626028906604e-05
Visa_cadelantosefectivo_mean6	7.70577461682402e-06	3.7242913561375e-05	3.88878086719813e-05
mprestamos_prendarios_lag1	7.58936863205576e-06	7.89140848308066e-05	1.29626028906604e-05
active_quarter	7.56841620310402e-06	1.11254125105774e-05	2.59252057813209e-05
cplazo_fijo_delta1	7.03359624606167e-06	5.1899124231263e-06	2.59252057813209e-05
Master_mpagado_delta1	7.03032169913164e-06	3.62005955233741e-05	2.59252057813209e-05
mpagodeservicios_mean6	6.8882057840577e-06	0.000191716385040492	9.07382202346231e-05
Master_madelantopesos_mean6	6.62053867787817e-06	5.3076864554113e-05	0.000207401646250567
mv_msaldodolares_lag1	6.17696481049271e-06	2.967316488388e-05	5.18504115626418e-05
mtarjeta_visa_descuentos	6.07632285021119e-06	0.00025880078496974	0.000155551234687925
mv_status02_lag1	6.01811680368376e-06	4.29488843524716e-05	2.59252057813209e-05
ctarjeta_master_lag1	5.94480329055663e-06	1.73995958264271e-06	1.29626028906604e-05
mv_status07_lag1	5.90539314017918e-06	4.6287132935396e-06	2.59252057813209e-05
Visa_status_delta1	5.773192806019e-06	1.20476102168194e-05	1.29626028906604e-05
ctarjeta_master_debitos_automaticos	5.69304295281954e-06	3.31845805692762e-05	1.29626028906604e-05
Visa_mpagosdolares_delta1	5.29892508678403e-06	3.68351165115185e-05	6.48130144533022e-05
cforex_sell_delta1	4.94525586913289e-06	2.10400579828849e-05	2.59252057813209e-05
cforex_delta1	4.59559503012867e-06	5.84097227223579e-05	1.29626028906604e-05
mtarjeta_visa_descuentos_delta1	4.47752638425615e-06	0.000171319519152502	0.000103700823125284
minversion2	4.31973236205147e-06	9.53944158253341e-05	1.29626028906604e-05
ccheques_emitidos	4.27057665214515e-06	0.000113102473522806	1.29626028906604e-05
minversion2_mean6	3.78141968159229e-06	3.66710030646251e-05	2.59252057813209e-05
ccheques_depositados_lag1	3.40590431596783e-06	8.5993150879206e-06	1.29626028906604e-05
ccajas_consultas_lag1	3.19613683663527e-06	2.36223900831486e-05	2.59252057813209e-05
mcajeros_propios_descuentos_mean6	2.95743615130746e-06	5.31579649054916e-05	5.18504115626418e-05
minversion2_lag1	2.89787723627333e-06	1.98847605245674e-05	1.29626028906604e-05
ctarjeta_master_debitos_automaticos_lag1	2.8248904965933e-06	3.04394101848767e-06	1.29626028906604e-05
ctarjeta_master_debitos_automaticos_delta1	2.74440928463777e-06	0.000107545314225513	5.18504115626418e-05
ccheques_emitidos_delta1	2.67370960349205e-06	6.09068739504189e-06	1.29626028906604e-05
cseguro_vivienda_lag1	2.32051938667259e-06	4.81947764206532e-06	1.29626028906604e-05
minversion1_pesos_delta1	2.13120983411427e-06	3.29285278875653e-06	1.29626028906604e-05
Master_status_delta1	2.01839492918127e-06	2.62108429646484e-05	2.59252057813209e-05
mcheques_emitidos_lag1	1.75417660957114e-06	1.78306008384705e-06	1.29626028906604e-05
mcheques_depositados_delta1	1.58800338440492e-06	1.1102969646045e-05	3.88878086719813e-05
mvr_madelantopesos_mean6	1.17867107506813e-06	2.36045378045433e-05	1.29626028906604e-05
Master_madelantodolares_mean6	7.23127233663498e-07	5.72192307719327e-05	0.000194439043359907
ctarjeta_visa_descuentos_delta1	7.14590663286185e-07	4.60131004588039e-05	2.59252057813209e-05
Visa_madelantopesos	6.10440160820326e-07	3.90088864642712e-05	6.48130144533022e-05
mpagodeservicios_lag1	4.49297806134397e-07	2.66108615216839e-05	1.29626028906604e-05
mcheques_emitidos	4.0978760244376e-07	1.8543416819927e-06	1.29626028906604e-05
cliente_vip_mean6	4.06956015075349e-07	7.97448533673341e-06	1.29626028906604e-05
mpayroll2_mean6	3.9726503008095e-07	8.97446797118443e-06	1.29626028906604e-05
ccheques_depositados_delta1	3.31007502683379e-07	5.62882344426637e-06	1.29626028906604e-05
mtarjeta_master_descuentos	2.54744119932072e-07	2.26995547955278e-05	1.29626028906604e-05
mvr_Visa_mlimitecompra_delta1	2.37060192788745e-07	1.91533271668511e-05	1.29626028906604e-05
Master_msaldodolares_lag1	2.05550327397186e-07	2.94741119774303e-05	2.59252057813209e-05
cinversion2_lag1	1.66992198778566e-07	2.5894730117058e-05	1.29626028906604e-05
Visa_madelantodolares_delta1	8.76298820441503e-11	2.41694349061268e-06	1.29626028906604e-05
Visa_cadelantosefectivo	6.09275350494603e-11	1.19132080621763e-05	1.29626028906604e-05
Visa_madelantopesos_delta1	3.10859577905142e-11	7.88751923667021e-06	2.59252057813209e-05
Master_cadelantosefectivo	1.10503097107875e-11	6.21935131727615e-06	3.88878086719813e-05
mv_status02_delta1	1.37844038795193e-12	5.07588736934843e-05	3.88878086719813e-05
Master_madelantodolares_lag1	5.29436491621784e-13	2.54739264070747e-06	1.29626028906604e-05
ccajeros_propios_descuentos_mean6	7.88305236631361e-14	1.36677045002548e-05	1.29626028906604e-05
Master_madelantodolares	1.23486883239191e-14	4.3928081833975e-06	1.29626028906604e-05
mcheques_emitidos_rechazados_lag1	1.78485362991343e-20	4.57158600200249e-06	1.29626028906604e-05
