Feature	Gain	Cover	Frequency
mv_status07_tend6	0.121964687416056	0.00599930279434063	0.00164059936563491
ctrx_quarter	0.11106793079835	0.00680109819407539	0.00459367822377775
ctrx_quarter_avg6	0.0643287681637902	0.00299244931323347	0.00295307885814284
ctrx_quarter_normalizado	0.0477944915166572	0.0106064706003562	0.0043749316416931
mpasivos_margen	0.0363113205815558	0.00745032076101906	0.00590615771628568
mcaja_ahorro	0.0296331272016269	0.00636869885917834	0.00798425024608991
mtarjeta_visa_consumo	0.0264349232040021	0.00901473973221752	0.00667177075358198
cpayroll_trx	0.023855457862686	0.0105864218071877	0.00349994531335448
mcuentas_saldo	0.0227891139600561	0.0103971150338134	0.00984359619380947
mdescubierto_preacordado	0.0178851707949192	0.000946360105627612	0.000765613037296292
ctarjeta_visa_trx	0.017748029812889	0.00681962497822021	0.00634365088045499
mprestamos_personales	0.0166869367524269	0.00949420046946185	0.00514054467898939
mdescubierto_preacordado_tend6	0.0162052000799697	0.00245604196039521	0.00109373291042327
mcuentas_saldo_lag1	0.0128200658713768	0.00255080402050254	0.00448430493273543
mpayroll_sobre_edad	0.0119896286953877	0.0120214246823522	0.00470305151482008
foto_mes	0.0115245900178911	0.0130367738132679	0.0125779284698677
ccomisiones_mantenimiento_tend6	0.0108521015303414	0.00380655212308802	0.00262495898501586
cprestamos_personales_tend6	0.0104580080165649	0.000842319543774477	0.000546866455211637
mpayroll	0.0100849052243093	0.0123931046324374	0.00426555835065077
mprestamos_personales_tend6	0.00841978464187534	0.00676109533376773	0.00360931860439681
mdescubierto_preacordado_delta1	0.00801984522798065	0.0045925323439107	0.00142185278355026
mactivos_margen	0.00540156556252215	0.00555390972146698	0.00732801049983594
mcuentas_saldo_tend6	0.00510730925554624	0.00335695333073959	0.00514054467898939
ctrx_quarter_normalizado_avg6	0.00502584991815081	0.00226357145386892	0.00306245214918517
mprestamos_personales_lag1	0.00497187646100422	0.000307555658488333	0.000546866455211637
mcuenta_corriente	0.00424206265565094	0.00228844197627361	0.00371869189543913
ccaja_ahorro	0.00389263234057756	0.00495661503398567	0.00284370556710051
tcallcenter_tend6	0.00361968188384844	0.00559173795108864	0.0024062124029312
mv_msaldopesos	0.00361271664242204	0.00153878424800486	0.00229683911188888
mv_msaldototal_avg6	0.0035853254896522	0.00121617877367593	0.00153122607459258
mrentabilidad_avg6	0.00343348972546606	0.00212999438623912	0.00371869189543913
mprestamos_personales_avg6	0.00336867010347466	0.000907948410156475	0.000984359619380947
mcomisiones_mantenimiento_tend6	0.00333150218972899	0.00698748124564819	0.00524991797003172
cpayroll_trx_lag1	0.00322560162736583	0.00112299509329687	0.000656239746253965
mcaja_ahorro_dolares_delta1	0.00321650529158177	0.00968617293790745	0.00382806518648146
mes	0.0031799204341419	0.003419200535988	0.00481242480586241
mcuenta_corriente_avg6	0.00312997893696262	0.00354960922133558	0.00765613037296292
mcuenta_corriente_tend6	0.00309154655543088	0.00426409802249982	0.00623427758941267
ctrx_quarter_tend6	0.00301935052714112	0.00238227595374986	0.00459367822377775
cprestamos_personales	0.00301150828662211	0.00138418555669656	0.000656239746253965
cproductos	0.00291876612117337	0.0071830870094035	0.0055780378431587
mtarjeta_visa_debitos_automaticos_tend6	0.00290847656009811	0.00576804401279096	0.00426555835065077
cliente_edad	0.00271089681769637	0.00691965392178753	0.00831237011921689
thomebanking_avg6	0.00262559809340256	0.00156439223869938	0.0031718254402275
mcomisiones_mantenimiento_avg6	0.00254199790545964	0.0034637374605961	0.00262495898501586
ctarjeta_visa_debitos_automaticos_tend6	0.00246852671832445	0.00249028629171633	0.00328119873126982
mtransferencias_recibidas	0.00246302481356858	0.00468885999863805	0.00339057202231215
cliente_edad_avg6	0.00245746215954569	0.00699222393966971	0.00809362353713223
mrentabilidad_annual_tend6	0.0024407928969462	0.00416396331121874	0.00721863720879361
Visa_Finiciomora	0.00243858057617063	0.00867600119469398	0.00142185278355026
ctarjeta_visa_trx_tend6	0.00228403914803701	0.00238501603490553	0.00262495898501586
cliente_edad_lag1	0.00224570270456818	0.00405956534747574	0.00645302417149732
Master_Fvencimiento	0.00222574679603729	0.00176677992124295	0.00349994531335448
ccaja_ahorro_tend6	0.00219296364138231	0.00896062618038476	0.00153122607459258
thomebanking	0.00216094197497289	0.00092247577998245	0.00164059936563491
mactivos_margen_avg6	0.00211013869155839	0.00355349996223424	0.00459367822377775
ccomisiones_mantenimiento_delta1	0.00210811831888627	0.00250593584536237	0.00131247949250793
mcuentas_saldo_delta1	0.00210387357938544	0.00759357557445701	0.00634365088045499
mv_fechaalta_avg6	0.00207969832759638	0.00152791632484639	0.00306245214918517
mcaja_ahorro_avg6	0.00205399648246373	0.00281041959102167	0.00284370556710051
mvr_mpagominimo_avg6	0.00202878285753139	0.00419602429473459	0.00524991797003172
mcaja_ahorro_lag1	0.00197278985399954	0.00422558346502135	0.00568741113420103
Visa_fechaalta_tend6	0.00194669175135837	0.0064965952707537	0.00328119873126982
ctrx_quarter_delta1	0.00193529705789588	0.00277973300664329	0.00503117138794706
Master_fechaalta	0.00184952569199927	0.00510440274944148	0.00590615771628568
mrentabilidad_annual_delta1	0.00183417671537846	0.00304809417235048	0.00645302417149732
mv_fultimo_cierre_avg6	0.00179170844899379	0.00194226947944077	0.00459367822377775
mrentabilidad_tend6	0.00177820124234358	0.00200550055688358	0.00546866455211637
numero_de_cliente	0.00176303645252485	0.00274961942757127	0.00623427758941267
mv_fechaalta_tend6	0.00175087171013598	0.00211113170243195	0.00306245214918517
cprestamos_personales_avg6	0.00173200892182268	0.00299913418142725	0.00196871923876189
chomebanking_trx_delta1	0.00172905583339086	0.00388694255923358	0.00306245214918517
ctrx_quarter_normalizado_delta1	0.00171330835530934	0.00276544681045031	0.00360931860439681
ccaja_seguridad	0.00168296842740478	0.00300394777468545	0.00109373291042327
Visa_fechaalta_avg6	0.00165367438666506	0.00234173263204775	0.00284370556710051
cproductos_tend6	0.00164676423901359	0.00597134408715095	0.00295307885814284
mcaja_ahorro_delta1	0.00164189717059212	0.00479220202866741	0.00382806518648146
mrentabilidad_annual	0.00164150598878034	0.00161301168082998	0.00393743847752379
Visa_msaldototal	0.00159193261740294	0.00232485803257432	0.0031718254402275
ctransferencias_recibidas_avg6	0.00154031549749942	0.00241228725195583	0.00426555835065077
mtransferencias_emitidas_avg6	0.00151873242168299	0.0046044161020342	0.00612490429837034
ccaja_ahorro_avg6	0.00150841501453496	0.00333236291843395	0.00218746582084655
Master_fultimo_cierre_tend6	0.00144081648920168	0.00415351845891527	0.00393743847752379
Visa_mpagominimo	0.00142930255730688	0.00396641130530218	0.00503117138794706
mrentabilidad_annual_lag1	0.00142730554481319	0.00191626515039033	0.00503117138794706
mautoservicio	0.00142380261540395	0.00368282249452138	0.00185934594771957
chomebanking_trx	0.00141622960782402	0.00470839273834606	0.00404681176856612
Visa_fechaalta	0.00141127534290197	0.000867566064590136	0.00251558569397353
mcuenta_debitos_automaticos	0.00141069172319054	0.00422693694307258	0.00295307885814284
mactivos_margen_tend6	0.00137565924180116	0.00278360631330343	0.00393743847752379
mcuenta_corriente_delta1	0.00136610700199232	0.00277383674717236	0.00306245214918517
mrentabilidad	0.00135162379731749	0.00201729772495571	0.00273433227605819
ccallcenter_trx	0.0013429841457088	0.00531287265666698	0.00196871923876189
mprestamos_personales_delta1	0.00133928864328526	0.00556884447133328	0.00207809252980422
mcomisiones_mantenimiento	0.0013249110606758	0.00449877565822527	0.0031718254402275
ccomisiones_mantenimiento_avg6	0.00131461987336592	0.00549030380789578	0.00262495898501586
mcaja_ahorro_dolares_tend6	0.00130274884143274	0.00127293884291759	0.00207809252980422
tcallcenter_avg6	0.00129137284390874	0.00114121387256098	0.00229683911188888
mcomisiones_avg6	0.00127299225706922	0.00171644436889969	0.00360931860439681
mpasivos_margen_avg6	0.00125715138561753	0.00125739331356145	0.00295307885814284
mv_mpagominimo	0.00125160483199523	0.00384072323060731	0.00328119873126982
mv_Fvencimiento	0.00124659677890951	0.00143322516397574	0.00393743847752379
Visa_fechaalta_lag1	0.00124075458926855	0.00109073942745076	0.00262495898501586
mactivos_margen_delta1	0.00122642718268118	0.001516102303677	0.00349994531335448
mv_mpagominimo_delta1	0.00122199372480541	0.00303432984103084	0.00218746582084655
ctrx_quarter_normalizado_tend6	0.0012087615889399	0.00291901920625047	0.00360931860439681
mrentabilidad_annual_avg6	0.00120812785209394	0.00140968313054706	0.00415618505960844
mpayroll_avg6	0.00120753807464762	0.003366335275634	0.00273433227605819
mcomisiones_tend6	0.0011709127107338	0.0013008963878247	0.00328119873126982
mactivos_margen_lag1	0.00117030813362454	0.00255487898318835	0.00360931860439681
Visa_mfinanciacion_limite	0.00116748849808339	0.00184089577494148	0.00328119873126982
mrentabilidad_delta1	0.00116027347729723	0.00169598877683215	0.0031718254402275
mcuenta_corriente_lag1	0.00115330623213265	0.002001691756906	0.00306245214918517
mv_mpagominimo_avg6	0.00113753005045487	0.00210340194220892	0.00273433227605819
mcaja_ahorro_dolares_avg6	0.00112239010166802	0.00158730838296483	0.00306245214918517
cliente_antiguedad	0.00110444209481919	0.00186571748147828	0.00459367822377775
mpayroll_sobre_edad_avg6	0.00108381093404122	0.00241166194393388	0.00229683911188888
Master_Fvencimiento_lag1	0.00107915691103886	0.00156500069362409	0.00459367822377775
mrentabilidad_lag1	0.00107050542578326	0.00107647996375687	0.00415618505960844
Master_mfinanciacion_limite	0.001066179256211	0.00176003635777945	0.00371869189543913
mv_status05_avg6	0.00105887656033971	7.13589194456082e-05	0.000218746582084655
cproductos_delta1	0.00105141034914284	0.00453895634776595	0.00131247949250793
chomebanking_trx_tend6	0.00103988518368317	0.00168051298443013	0.00349994531335448
mcomisiones_otras_avg6	0.00102935333985565	0.00180727094022947	0.00295307885814284
chomebanking_trx_avg6	0.00102524612090651	0.00150969405873457	0.00328119873126982
mpagomiscuentas	0.00101599398305175	0.00383726427768291	0.00174997265667724
Visa_Fvencimiento_lag1	0.00100406326757157	0.00119715743829814	0.00328119873126982
Visa_mpagominimo_avg6	0.000990928490290577	0.00129702714915355	0.00284370556710051
mv_cconsumos_tend6	0.000988551643949156	0.00211041108723937	0.0024062124029312
mv_Finiciomora	0.000973827825337336	0.00133435327270554	0.000328119873126982
Master_fechaalta_tend6	0.000971127937751469	0.00078863429306827	0.00185934594771957
mtransferencias_recibidas_avg6	0.000969123648419322	0.00207585700761369	0.00360931860439681
Visa_mpagospesos_tend6	0.000956086604372849	0.00117809193618274	0.00273433227605819
ctransferencias_recibidas_tend6	0.000950647963502751	0.00202290515720833	0.00339057202231215
ccallcenter_trx_tend6	0.000949501713392394	0.00200920068344098	0.00153122607459258
cplazo_fijo	0.000920674615078035	0.00314252730649087	0.000656239746253965
Visa_Fvencimiento	0.000917392277617738	0.00115905607227284	0.00339057202231215
cproductos_avg6	0.000916985906621856	0.00293069956492445	0.00393743847752379
Visa_cconsumos_avg6	0.000913936055751016	0.00123607007755638	0.00360931860439681
cmobile_app_trx_lag1	0.000900740839596096	0.00143212913151347	0.00284370556710051
Master_fultimo_cierre_avg6	0.000893876366434219	0.000882098083546386	0.00284370556710051
mcomisiones_otras_lag1	0.000863928485364614	0.00103602730009512	0.00273433227605819
Visa_Fvencimiento_tend6	0.000862028685737818	0.000624121331449101	0.00164059936563491
mcomisiones_otras_tend6	0.000856837995765056	0.00141405273186402	0.00262495898501586
mtarjeta_visa_consumo_tend6	0.000848412425650829	0.00196059751326634	0.00229683911188888
ctransferencias_emitidas_avg6	0.000846500767751291	0.00145484478203582	0.0031718254402275
mcomisiones_otras_delta1	0.000844830329086253	0.00238954951806468	0.0031718254402275
Master_Fvencimiento_avg6	0.000844143427362073	0.00115427386064399	0.0031718254402275
Master_fechaalta_lag1	0.000839377714488923	0.00249093484538965	0.00393743847752379
ccallcenter_trx_avg6	0.000829566305851518	0.00242862255231739	0.00262495898501586
Visa_mconsumosdolares_avg6	0.000813527533466744	0.000732797076186146	0.0031718254402275
ctarjeta_visa_trx_avg6	0.00080697350580571	0.00150813834351638	0.00142185278355026
mcuentas_saldo_avg6	0.000800182204660626	0.00282017927775091	0.00306245214918517
ccajas_trx_avg6	0.000799971842782798	0.00452974235270271	0.00404681176856612
Visa_mpagado_avg6	0.000792035819671685	0.00216368314649241	0.0024062124029312
mcomisiones_delta1	0.000777693910008116	0.00297111212983758	0.00306245214918517
cmobile_app_trx_tend6	0.0007760122853762	0.00144651586514864	0.00229683911188888
Visa_mpagospesos_avg6	0.000771570213349214	0.00158974162152237	0.0031718254402275
Master_fechaalta_avg6	0.000761240804443094	0.00157245731744347	0.00382806518648146
mvr_mpagominimo_tend6	0.000756850212355509	0.00149284561061893	0.00207809252980422
mvr_mpagominimo_lag1	0.0007503245582442	0.000861472798223812	0.00185934594771957
mv_mpagospesos_tend6	0.000749362676453548	0.00144040748910892	0.0024062124029312
mvr_mpagominimo	0.00074573880580092	0.00616602757968801	0.00360931860439681
mv_fultimo_cierre_tend6	0.000739565252289067	0.00262477052089099	0.0031718254402275
Visa_Finiciomora_lag1	0.00073427188036329	0.00403657888511488	0.000656239746253965
Visa_msaldopesos	0.000734211296205787	0.00343587173601191	0.00339057202231215
chomebanking_trx_lag1	0.000733299650166662	0.000726911277258332	0.00273433227605819
Visa_cconsumos_lag1	0.000720869536726711	0.00182052154265374	0.00251558569397353
mcomisiones_lag1	0.000719900904206592	0.000631756946784067	0.0024062124029312
Master_mpagominimo_avg6	0.000717975820636042	0.00110013067060572	0.00174997265667724
mcomisiones_mantenimiento_delta1	0.000705895984726395	0.000851692771549625	0.00087498632833862
cliente_antiguedad_lag1	0.000704040288738787	0.00171316033950188	0.00306245214918517
Visa_Fvencimiento_avg6	0.000700902812993908	0.00135123019674411	0.00262495898501586
mpayroll_sobre_edad_delta1	0.000699744860917572	0.00481781931762247	0.00196871923876189
Visa_fultimo_cierre_avg6	0.000690729735005909	0.000788562231549012	0.00306245214918517
mv_status02	0.000688738385279911	0.000880686491366719	0.00043749316416931
ctarjeta_debito_avg6	0.000687730970314012	0.00111777353885706	0.00218746582084655
mv_cconsumos_avg6	0.00067573742318096	0.000935753114905807	0.00153122607459258
Visa_msaldototal_delta1	0.000656591266309431	0.00158167015022414	0.00229683911188888
Visa_mlimitecompra	0.000653633603424288	0.00103005432997466	0.00164059936563491
Visa_mpagominimo_tend6	0.000653484394135961	0.000771848027070058	0.00251558569397353
cliente_antiguedad_avg6	0.00065169070243244	0.00140554191775484	0.00262495898501586
mdescubierto_preacordado_avg6	0.00064457998930157	0.00132782473151725	0.00087498632833862
ccuenta_debitos_automaticos_tend6	0.000640643165355672	0.00131793022001004	0.000765613037296292
Visa_cconsumos_tend6	0.000639672203653037	0.000578130391347579	0.00207809252980422
mvr_msaldopesos2_avg6	0.000635725608510425	0.00116377029037142	0.0031718254402275
cmobile_app_trx_avg6	0.000629486499230492	0.000830676959283974	0.00229683911188888
ccomisiones_otras_tend6	0.000627505701626317	0.000733314873070494	0.00207809252980422
mtransferencias_recibidas_lag1	0.000627005738413281	0.00274577750254048	0.00295307885814284
ccajas_extracciones_avg6	0.000621313846879179	0.00280464537122045	0.00185934594771957
mv_Fvencimiento_lag1	0.000616274553890364	0.000961661555644331	0.00262495898501586
mvr_msaldopesos2_tend6	0.000610659633982056	0.0015475751722131	0.00218746582084655
mpasivos_margen_tend6	0.00060452923832965	0.00230000494440816	0.00273433227605819
mcomisiones	0.000602348623285965	0.00190309881345228	0.00218746582084655
ccajas_consultas_avg6	0.000600322911160415	0.0033265788192309	0.00196871923876189
mvr_mpagospesos	0.000599302609448225	0.000728977234524167	0.00142185278355026
mcaja_ahorro_dolares_lag1	0.000596272587037896	0.000705010967957913	0.00196871923876189
mvr_msaldototal_tend6	0.000591389780495245	0.0028810689369591	0.00164059936563491
mtransferencias_emitidas	0.000589782425007047	0.000887620088030201	0.00207809252980422
mpasivos_margen_lag1	0.000587541854973395	0.000686759063640592	0.00229683911188888
Visa_msaldototal_lag1	0.000581328570499006	0.00039361512786265	0.00131247949250793
cliente_vip	0.000580340583669698	0.00176944619745551	0.000984359619380947
mtarjeta_visa_debitos_automaticos_avg6	0.000576582694911708	0.000389621524956654	0.00164059936563491
Visa_mpagospesos_lag1	0.000575591929884364	0.00135181133802845	0.00306245214918517
mtransferencias_recibidas_tend6	0.000573223039579232	0.0017342476321455	0.00229683911188888
mcaja_ahorro_tend6	0.00056975624913891	0.000894079473405659	0.00295307885814284
ccomisiones_mantenimiento	0.000569397952827672	0.00424069430069681	0.00131247949250793
Visa_mfinanciacion_limite_avg6	0.000569158676233528	0.000788752845890276	0.00196871923876189
mv_fultimo_cierre	0.000568919590986262	0.00108935166206375	0.0024062124029312
cplazo_fijo_tend6	0.000568211614165544	0.00205324247567482	0.000656239746253965
Master_mpagominimo_tend6	0.000567953679900622	0.00171916934038197	0.00164059936563491
Visa_msaldopesos_delta1	0.000566996146880082	0.00257328605222859	0.00164059936563491
Visa_status	0.000559178349795972	0.000514847592330468	0.000218746582084655
ctarjeta_visa_debitos_automaticos_avg6	0.000556319919641195	0.00194490263060012	0.00174997265667724
mcaja_ahorro_dolares	0.00055175309853806	0.00211685884978914	0.00153122607459258
mv_msaldopesos_avg6	0.000551626351168867	0.00155165129718147	0.00109373291042327
mv_fechaalta	0.000549973303736073	0.00124406483820507	0.00251558569397353
ccomisiones_otras_avg6	0.000549128369250867	0.00186368232470052	0.0024062124029312
Visa_msaldototal_tend6	0.000545367844683239	0.00158597233915213	0.00196871923876189
mpayroll_delta1	0.000540159402968912	0.00358175040234866	0.00164059936563491
mcuenta_debitos_automaticos_tend6	0.000536109168541323	0.00354949357421999	0.00153122607459258
Visa_fultimo_cierre	0.000532228705806953	0.00177050213116916	0.00185934594771957
Visa_cconsumos	0.000531560814780014	0.0005915129128434	0.00196871923876189
mv_fechaalta_lag1	0.000529821978451137	0.00300402157962857	0.00229683911188888
cextraccion_autoservicio_avg6	0.000527883016313935	0.000636429322710174	0.00185934594771957
mpayroll_sobre_edad_tend6	0.000523700285839006	0.00180305301678771	0.00185934594771957
mtarjeta_visa_consumo_lag1	0.000518335609296787	0.000486152579133525	0.00164059936563491
mvr_mpagospesos_tend6	0.000518283651307571	0.0011222924934841	0.00196871923876189
mpayroll_tend6	0.000517216333227607	0.00251540089346044	0.00229683911188888
ctarjeta_debito_trx_avg6	0.00051581964972908	0.00289289632437802	0.00207809252980422
tcallcenter	0.000514016361800556	0.000628348553151403	0.000546866455211637
mvr_msaldototal	0.000507169227525299	0.000765721054509243	0.00131247949250793
Visa_mpagominimo_delta1	0.000506635773442627	0.00103433676009897	0.00229683911188888
Master_msaldototal_tend6	0.000505556558746208	0.00229758332867631	0.000656239746253965
Visa_msaldopesos_tend6	0.000501770441138283	0.000757078321328513	0.00185934594771957
mtransferencias_emitidas_delta1	0.000497337069307932	0.00169779903193287	0.00153122607459258
Visa_mconsumototal	0.000493975062676284	0.000728682595893006	0.00142185278355026
mtransferencias_emitidas_tend6	0.000492823819908756	0.00166973804387715	0.00196871923876189
mv_Fvencimiento_tend6	0.000491719404900645	0.000953613911138766	0.00251558569397353
Visa_mconsumospesos_tend6	0.000490143995773161	0.000654273846987172	0.00207809252980422
mvr_mpagominimo_delta1	0.000487768180316909	0.00233400170954215	0.00174997265667724
Master_fultimo_cierre	0.000486636619004435	0.000678374357190109	0.00185934594771957
mcomisiones_mantenimiento_lag1	0.000481386464950722	0.00299480293543505	0.00164059936563491
Master_mlimitecompra	0.00048018312037184	0.0008743073034885	0.00196871923876189
mv_mpagominimo_tend6	0.000479411486405407	0.00146120421111037	0.00164059936563491
Visa_mlimitecompra_lag1	0.000476158607577995	0.000515445586712055	0.00131247949250793
mv_Finiciomora_tend6	0.00047600388289155	0.00202517625734753	0.000765613037296292
Visa_msaldopesos_avg6	0.000459307968188056	0.000429248386853349	0.00142185278355026
Visa_delinquency_tend6	0.000459136574526919	0.00116085877253687	0.00043749316416931
ctrx_quarter_normalizado_lag1	0.000456070019432474	0.00149400440633991	0.00218746582084655
mvr_msaldopesos_lag1	0.000453587498363866	0.00132337609498561	0.0012031062014656
Master_mfinanciacion_limite_avg6	0.000453061350695785	0.000260959169168527	0.00131247949250793
ccajas_consultas	0.000448049371808975	0.00326188326575155	0.000656239746253965
Master_mpagominimo_lag1	0.000442961439064569	0.00212345073537743	0.00109373291042327
mforex_sell_avg6	0.000441967568146047	0.00257290540468734	0.00164059936563491
ctrx_quarter_lag1	0.00044176987556725	0.000881571569542772	0.00185934594771957
mv_Fvencimiento_avg6	0.000441260090723826	0.000600440986394743	0.00174997265667724
ctransferencias_emitidas_tend6	0.000438757064203831	0.00212772677294762	0.00174997265667724
mvr_Visa_mlimitecompra_avg6	0.00043662321113875	0.000661211511639644	0.00164059936563491
mv_msaldototal_tend6	0.000428906685338462	0.00163723829869162	0.00153122607459258
ccomisiones_otras_lag1	0.000428209321706306	0.00144182024357115	0.00207809252980422
Visa_fultimo_cierre_tend6	0.000424660680535917	0.000819201743483362	0.00142185278355026
Master_mfinanciacion_limite_delta1	0.000423815916799637	0.00109417164787608	0.000765613037296292
Master_mlimitecompra_avg6	0.000421955011008503	0.000263147166104074	0.00131247949250793
catm_trx_avg6	0.000421469116335872	0.000866244549309542	0.00185934594771957
Master_msaldopesos_tend6	0.000420070107886059	0.00117582606631509	0.00109373291042327
mvr_Master_mlimitecompra	0.000419732848007129	0.000630124520916351	0.00153122607459258
mtransferencias_emitidas_lag1	0.000415003327872369	0.00107687746439536	0.00196871923876189
ctarjeta_visa_trx_lag1	0.000413878576810998	0.00124006716731008	0.0031718254402275
mv_mpagospesos_avg6	0.000413456420298688	0.00242945707120171	0.00142185278355026
mprestamos_hipotecarios_avg6	0.000409676316700548	0.00515760390945783	0.000656239746253965
thomebanking_tend6	0.000409525451345335	0.00168361337318209	0.000984359619380947
Master_mpagospesos_tend6	0.000408845986748282	0.00299047052716029	0.00153122607459258
mautoservicio_avg6	0.000408612301671457	0.000479803029460807	0.00153122607459258
mplazo_fijo_dolares	0.000407806095798879	0.00377996839617709	0.000765613037296292
Visa_mpagospesos	0.000405855986469674	0.00159657351846109	0.00207809252980422
Visa_mpagado_tend6	0.000402753850224186	0.0018096077093338	0.0012031062014656
Master_mfinanciacion_limite_lag1	0.000402448805150895	0.00273043304806872	0.00164059936563491
mvr_msaldopesos2	0.000399413439483336	0.000831517289581132	0.00185934594771957
mcomisiones_otras	0.000399045350743423	0.000616261395578378	0.00153122607459258
mvr_msaldototal_lag1	0.000398976786476958	0.000836853909995243	0.000984359619380947
mplazo_fijo_dolares_tend6	0.000395519501441515	0.00233747577213995	0.000765613037296292
Master_mfinanciacion_limite_tend6	0.000395099889458757	0.000893955690312095	0.0012031062014656
mv_Finiciomora_avg6	0.000394875081795036	0.00211953732996867	0.000546866455211637
mv_status06_avg6	0.000392801184404244	6.65459073286898e-05	0.000109373291042327
mpasivos_margen_delta1	0.00039202237524873	0.00046039930311792	0.00164059936563491
Visa_cconsumos_delta1	0.000388836998965979	0.00258430914010998	0.0012031062014656
mcuenta_debitos_automaticos_avg6	0.00038868917101502	0.000483988408990636	0.00142185278355026
mv_fultimo_cierre_delta1	0.000386697825512966	0.000103575067684378	0.000656239746253965
mv_cconsumos_lag1	0.000384914024399444	0.00147131258261021	0.00109373291042327
Visa_mfinanciacion_limite_lag1	0.000382919217588903	0.000509581290011763	0.00164059936563491
mvr_msaldopesos_avg6	0.000381837525278374	0.000671017108530343	0.0012031062014656
mvr_msaldopesos	0.000381824173852524	0.00078080806339204	0.00164059936563491
mpagomiscuentas_avg6	0.000379024652044606	0.000529125071404176	0.00142185278355026
ctarjeta_debito_tend6	0.000376442783035549	0.00320330538657247	0.000656239746253965
mplazo_fijo_dolares_delta1	0.000376103555925585	0.00516377679218011	0.00087498632833862
cliente_edad_tend6	0.000375685359725148	0.000405193205670591	0.0012031062014656
mpayroll_lag1	0.00037351389284178	0.00109095503086725	0.00142185278355026
mprestamos_prendarios	0.000369575931498045	0.00602664665405148	0.000765613037296292
Visa_mconsumosdolares_lag1	0.00036329825553969	0.000682957818499713	0.00109373291042327
mvr_msaldopesos2_lag1	0.000362670268640074	0.000525193650615604	0.00164059936563491
Visa_mconsumospesos	0.000362545727282919	0.000408176203883117	0.00142185278355026
mplazo_fijo_dolares_avg6	0.000361917727573646	0.00172782950780123	0.000546866455211637
mpagomiscuentas_tend6	0.0003599457720771	0.00241179037615772	0.000984359619380947
mtransferencias_recibidas_delta1	0.000358570731167464	0.00122152934148086	0.00142185278355026
Visa_mpagospesos_delta1	0.000356570712477855	0.000819208717178774	0.00218746582084655
Visa_mpagominimo_lag1	0.000353081819038734	0.000658850915742648	0.00109373291042327
Master_Fvencimiento_tend6	0.000351364138302052	0.000487614730604929	0.00153122607459258
mv_mpagominimo_lag1	0.000350230716485982	0.001238166254169	0.00153122607459258
mv_mfinanciacion_limite_tend6	0.000348932284529097	0.00114013934232623	0.000656239746253965
mvr_msaldopesos_tend6	0.000345925693425627	0.00180231031822633	0.000984359619380947
mv_mfinanciacion_limite	0.000345779437242332	0.000321153783400646	0.00109373291042327
mv_mlimitecompra	0.000343804939519643	0.000375280701482952	0.0012031062014656
Visa_mconsumospesos_lag1	0.000341824135715719	0.000434002703700549	0.00142185278355026
mforex_buy_avg6	0.000337966031276104	0.00551923069646518	0.000765613037296292
ccaja_ahorro_delta1	0.000336774723907213	0.00706288897642181	0.00087498632833862
mvr_mconsumosdolares_lag1	0.000331462358516824	0.000393175785051688	0.000765613037296292
Visa_mconsumototal_tend6	0.000330148364740999	0.000342034189747045	0.00142185278355026
ccomisiones_otras	0.000329819286430703	0.00177414240017428	0.0012031062014656
mpagomiscuentas_lag1	0.000329588603808715	0.000775534206236638	0.000765613037296292
cpagomiscuentas_avg6	0.000329345081732997	0.000696400778689106	0.00153122607459258
mvr_mconsumospesos_avg6	0.000327571844521289	0.000686582977831437	0.00131247949250793
Master_mpagominimo	0.000325673701771144	0.00098211772885316	0.00087498632833862
ctarjeta_master_trx_tend6	0.000325012904867152	0.00236668800107996	0.000984359619380947
cproductos_lag1	0.000322183015001472	0.00222695316040127	0.00185934594771957
mvr_Master_mlimitecompra_avg6	0.000319310663414406	0.000798810076957094	0.00164059936563491
mtarjeta_visa_debitos_automaticos	0.000319115157992301	0.0006179641395415	0.00164059936563491
mvr_mconsumospesos	0.000317620087894626	0.000694177332135215	0.00153122607459258
Visa_mlimitecompra_avg6	0.00031420218707597	0.00050941624588701	0.000984359619380947
Master_mlimitecompra_lag1	0.000312643919334887	0.00107671939396602	0.00109373291042327
Master_mlimitecompra_tend6	0.000311444797751481	0.00416139234217682	0.00087498632833862
mv_mpagado_avg6	0.000310761939820978	0.00266367269960611	0.00185934594771957
mvr_Visa_mlimitecompra_lag1	0.000308353337800276	0.000461339589715985	0.00109373291042327
ctarjeta_visa_descuentos_avg6	0.000308322861149024	0.00444742775776469	0.000984359619380947
cprestamos_personales_lag1	0.000307389777535384	9.92845015820825e-05	0.000218746582084655
Visa_msaldototal_avg6	0.000306751969200243	0.000349784289915026	0.0012031062014656
ctarjeta_visa_debitos_automaticos	0.000305120157554129	0.000369761021564274	0.000984359619380947
ccaja_seguridad_lag1	0.0003034023401528	0.00182456744827533	0.00043749316416931
mdescubierto_preacordado_lag1	0.000302289336881688	0.000163565120184408	0.000218746582084655
Visa_Finiciomora_avg6	0.000300170147817711	0.000883230727909568	0.000328119873126982
Visa_mconsumosdolares	0.000299958581502438	0.000352110598476247	0.000984359619380947
ccuenta_debitos_automaticos_avg6	0.000299634936576434	0.00174438796641598	0.000984359619380947
mvr_mpagado_avg6	0.000296623012766029	0.000904573722718303	0.00087498632833862
ccajas_otras_delta1	0.000295082885249716	0.00342829481594667	0.000546866455211637
mv_msaldototal	0.000292826256054815	0.000608456086988384	0.00131247949250793
Master_mpagospesos	0.000292076131211444	0.00278324077543558	0.00131247949250793
mvr_mconsumospesos_lag1	0.000290662005129564	0.000677868764272732	0.000984359619380947
ccajas_otras_tend6	0.000290066672921094	0.00267274605847854	0.000656239746253965
tcuentas_avg6	0.000288422447200823	0.00575099042180195	0.00087498632833862
ccajas_depositos_avg6	0.000283008869512797	0.00407473081043192	0.00087498632833862
ccajas_trx_tend6	0.000281719166404987	0.00100746478711101	0.000765613037296292
mv_status04_delta1	0.000280331824889257	0.00160767680383972	0.000546866455211637
ccuenta_debitos_automaticos	0.000278550737857898	0.00102021967601974	0.000765613037296292
Master_msaldopesos_avg6	0.000277054576926944	0.000574323334793856	0.000765613037296292
mv_cconsumos	0.000275534267484902	0.000281647798891093	0.000656239746253965
mv_mpagospesos_lag1	0.000273804249926859	0.000428054722655311	0.00142185278355026
ctransferencias_recibidas	0.000272496893489726	0.000631989984439088	0.0012031062014656
minversion1_pesos	0.000271829083333472	0.00529716673231636	0.000656239746253965
mtarjeta_visa_debitos_automaticos_lag1	0.000268515835364738	0.00121081600190402	0.00131247949250793
Master_msaldopesos	0.000268442266972458	0.00224486974619752	0.00109373291042327
Master_cconsumos_tend6	0.000267430172492792	0.000369925484547743	0.0012031062014656
Master_mconsumospesos_avg6	0.000258986410188753	0.000529455159653682	0.0012031062014656
mv_mconsumospesos	0.000258827015079398	0.000346581039155735	0.000984359619380947
cpagomiscuentas	0.000255695908276053	0.000359370796541528	0.000656239746253965
cpagomiscuentas_tend6	0.000254647927772218	0.000905153701720076	0.00109373291042327
Master_msaldototal	0.000254018872571978	0.000969809737592086	0.00087498632833862
ctarjeta_debito_lag1	0.000249704764178454	0.000651823755332388	0.000765613037296292
mcheques_depositados_avg6	0.00024930694292239	0.00237027073709792	0.000656239746253965
Visa_mconsumospesos_avg6	0.000249183414285851	0.000215187900472486	0.00087498632833862
ctarjeta_debito_trx_tend6	0.000246526506726102	0.00136487713752431	0.000984359619380947
cmobile_app_trx	0.000245345692824977	0.000710313882177532	0.000984359619380947
ctarjeta_debito	0.00024451866272865	0.000454286859089214	0.00109373291042327
mforex_sell_tend6	0.000244347794603805	0.00307172628267823	0.000656239746253965
mv_cconsumos_delta1	0.000243051844325029	0.00233365651161926	0.000656239746253965
Visa_fultimo_cierre_delta1	0.000240697184123099	0.000232482083953212	0.00087498632833862
Master_mconsumospesos_tend6	0.000239230521200816	0.000415966402799718	0.000765613037296292
mvr_mconsumospesos_tend6	0.000233700659295858	0.00025266221505198	0.000765613037296292
ctarjeta_debito_trx_lag1	0.000233123171082978	0.000555899993797654	0.00109373291042327
Master_cconsumos_avg6	0.000232823446101353	0.000491951206868687	0.00109373291042327
Master_msaldototal_avg6	0.000232547118473415	0.000341944693989256	0.000984359619380947
mv_mconsumospesos_avg6	0.000229910374950362	0.000549834041071694	0.000984359619380947
ctransferencias_emitidas_delta1	0.000229790151842967	0.000485994508704184	0.000656239746253965
mv_mconsumototal_avg6	0.000228938696202447	0.000246417851951728	0.000984359619380947
mv_msaldopesos_delta1	0.000226870755693409	0.000692521660616125	0.00087498632833862
mextraccion_autoservicio_avg6	0.000226145731856616	0.00057511368694056	0.00142185278355026
Visa_mconsumototal_lag1	0.000221658619608072	0.000952990927681951	0.000984359619380947
mv_mpagospesos_delta1	0.000219428494893902	0.00164889599285551	0.00109373291042327
Visa_mconsumosdolares_tend6	0.000216993207112134	0.000209444481159337	0.00087498632833862
mautoservicio_tend6	0.000215542626610848	0.00049288858776033	0.00109373291042327
Master_fultimo_cierre_lag1	0.00021430841979894	0.000557910161500192	0.00142185278355026
Master_Fvencimiento_delta1	0.000213254848753752	9.83918685693335e-05	0.000546866455211637
mpayroll_sobre_edad_lag1	0.000211348861930285	0.000952296463847163	0.00109373291042327
matm_tend6	0.000210722950988328	0.000621527697897083	0.000765613037296292
Master_Finiciomora_avg6	0.000209534642982189	0.00160648604534811	0.00043749316416931
mvr_msaldodolares2_avg6	0.000209401647480438	0.00113757418469715	0.000984359619380947
mvr_Master_mlimitecompra_lag1	0.000204803336971712	0.00105134850891551	0.000984359619380947
mvr_mconsumosdolares_avg6	0.000204297207893743	0.000493283182692398	0.00142185278355026
mv_mconsumospesos_tend6	0.000203845258721186	0.000293175898548581	0.00087498632833862
mv_status01_avg6	0.000202665901457465	0.00174708388083404	0.000328119873126982
ccajas_otras	0.000202055061474676	0.00296006347173967	0.00043749316416931
catm_trx_other_avg6	0.000199893809263241	0.000336986977692537	0.000656239746253965
Visa_fultimo_cierre_lag1	0.000199706175624751	0.000444505670132457	0.00131247949250793
Master_delinquency_tend6	0.000198298249499251	0.000947711840254991	0.00043749316416931
mtarjeta_visa_debitos_automaticos_delta1	0.000197030643714712	0.00212384707373335	0.000765613037296292
Master_msaldototal_lag1	0.000195889768800441	0.000308412841882737	0.000656239746253965
mv_mconsumosdolares_tend6	0.000194378056064297	0.000344473239717427	0.00087498632833862
mv_msaldodolares_avg6	0.000193494686734356	0.000955407313142245	0.000765613037296292
mtarjeta_master_consumo_avg6	0.000187439447364179	0.000476704384132697	0.000656239746253965
mvr_msaldototal_avg6	0.000186684486948436	0.00041036768766637	0.000546866455211637
mv_mfinanciacion_limite_lag1	0.000186515412166267	0.000232500680474311	0.000656239746253965
Visa_delinquency_avg6	0.000185760291295263	9.3542825692786e-05	0.000218746582084655
mvr_mconsumospesos_delta1	0.000185689607068839	0.000539153826548061	0.000656239746253965
mcaja_ahorro_adicional	0.000183448466053116	0.00407841466503336	0.000546866455211637
Visa_msaldopesos_lag1	0.000182949626454443	0.000359296410457132	0.00087498632833862
mv_status06_tend6	0.00018281913269923	0.000445332634180076	0.000328119873126982
Visa_mconsumosdolares_delta1	0.000181348873357597	0.000420777090351499	0.00087498632833862
ctarjeta_master	0.000181288558858292	0.000205242829673546	0.000109373291042327
mvr_mpagospesos_lag1	0.000180716286882713	0.000675055459315234	0.000765613037296292
mvr_mconsumototal_avg6	0.000180444107466684	0.000198183125351362	0.000656239746253965
mextraccion_autoservicio_tend6	0.000176801391930569	0.000397924290486044	0.000765613037296292
Visa_mconsumototal_avg6	0.000170839558994633	0.000219159420009678	0.00087498632833862
mvr_mconsumototal_lag1	0.000169834244215921	0.000296351254526224	0.000546866455211637
mv_status04_avg6	0.000169222036955442	0.000160572823711332	0.000328119873126982
cforex_sell_avg6	0.000167171296885795	0.000472883961329434	0.000656239746253965
mv_mlimitecompra_tend6	0.000165938688356582	0.000605773538819863	0.000328119873126982
mv_msaldopesos_tend6	0.000165407395458027	0.000272928936202114	0.000765613037296292
mvr_Visa_mlimitecompra_tend6	0.000163885461233317	0.00085046075202682	0.000765613037296292
Master_msaldopesos_lag1	0.000163229433065065	0.000228214763502291	0.000765613037296292
mv_mconsumototal_tend6	0.000162484876800222	4.49948639401602e-05	0.000218746582084655
mv_status05_delta1	0.000161453018276064	0.000454541398971755	0.000218746582084655
matm_other_tend6	0.000161040203040408	0.000807415617095627	0.000546866455211637
Master_mpagosdolares_avg6	0.000158755576376401	0.00156183173020057	0.000765613037296292
mextraccion_autoservicio_delta1	0.000156357115535128	0.000312481993155698	0.000656239746253965
cliente_vip_delta1	0.000156352576002841	0.000293717522225587	0.000218746582084655
mv_mlimitecompra_lag1	0.000156285739488867	0.000509872441795218	0.000656239746253965
mvr_mpagospesos_delta1	0.000153203631616362	0.000282468951525868	0.00087498632833862
ccaja_ahorro_lag1	0.000151126701415802	0.000336404092984342	0.000218746582084655
Visa_mpagosdolares_avg6	0.000151123811371077	0.000128361905744122	0.00043749316416931
Visa_status_tend6	0.000149548085945981	0.000287395286193233	0.000218746582084655
Master_fultimo_cierre_delta1	0.000145900634105131	0.000125234784493079	0.00043749316416931
ctransferencias_emitidas	0.000145042234745495	0.000792868488465984	0.000984359619380947
mtarjeta_master_consumo	0.000144888134588889	0.0002381609965838	0.000546866455211637
ctarjeta_debito_trx	0.000143795330214593	0.000321632062677659	0.00131247949250793
mvr_mpagospesos_avg6	0.000143428312387159	0.000274596811688175	0.000546866455211637
ctransferencias_emitidas_lag1	0.000139001015336787	0.000268247843156741	0.000656239746253965
mvr_mconsumosdolares_tend6	0.000138978290712769	0.00026408629041957	0.000656239746253965
tpaquete7_avg6	0.000137882500172314	0.00207987792416006	0.000328119873126982
cmobile_app_trx_delta1	0.000137605854975709	0.000712805234863505	0.000984359619380947
mv_mlimitecompra_avg6	0.000132497084427542	0.000126584775696605	0.00043749316416931
Visa_mconsumospesos_delta1	0.000132463309585625	0.000340436051215105	0.00087498632833862
cextraccion_autoservicio_lag1	0.000132148144524761	0.000202807847692154	0.000546866455211637
mvr_Visa_mlimitecompra	0.000132046519273216	0.000241205014631182	0.000656239746253965
mv_mfinanciacion_limite_delta1	0.000131939808658403	0.00120507665057986	0.000328119873126982
mv_status02_avg6	0.000131327931988608	0.00112271614548038	0.00043749316416931
ccajas_consultas_tend6	0.000130529984359817	0.00189002952710872	0.00109373291042327
mv_mconsumosdolares	0.000130409208905044	0.000171318126058811	0.000328119873126982
ccuenta_debitos_automaticos_delta1	0.000128207563277791	0.000852651073527505	0.000328119873126982
mautoservicio_lag1	0.000128048758111708	0.000308706899372614	0.00153122607459258
ccuenta_debitos_automaticos_lag1	0.0001266500002331	0.000827856099489779	0.00043749316416931
mv_mconsumosdolares_avg6	0.000126352742616486	0.000242069752862283	0.000656239746253965
mv_status06	0.000123587881240313	0.000432928173465801	0.000328119873126982
mv_mconsumototal_lag1	0.000122350485391284	0.000121299876856801	0.00043749316416931
mv_mconsumospesos_delta1	0.000122345992951786	0.000114895118762071	0.00043749316416931
Master_delinquency_avg6	0.000121275838374315	0.000876420914339651	0.000218746582084655
mextraccion_autoservicio_lag1	0.000121221890940249	0.000290765905642415	0.000765613037296292
cforex_avg6	0.000121099629456534	0.000962859287831359	0.00043749316416931
mv_fultimo_cierre_lag1	0.000121040853202291	0.0001308271070723	0.000656239746253965
cpayroll_trx_tend6	0.000120586576270765	0.00116481983153094	0.000765613037296292
cseguro_vivienda_avg6	0.000120438737607811	0.000417503521496802	0.000328119873126982
matm_other_avg6	0.000119779411436162	0.000513243642385684	0.000546866455211637
mv_mpagosdolares_avg6	0.000119552877610431	0.000143960900098423	0.000328119873126982
mvr_msaldototal_delta1	0.00011837740895594	0.000648081205461227	0.000765613037296292
Master_msaldopesos_delta1	0.00011633619320149	0.000163221665685362	0.00043749316416931
mvr_mpagosdolares_avg6	0.000114559755020445	0.000920718989879885	0.000546866455211637
mcuenta_debitos_automaticos_lag1	0.000114121397830247	0.000215521475569698	0.000656239746253965
matm_other_lag1	0.000113534356786794	0.000176844779672902	0.000218746582084655
mv_status04_tend6	0.000113097862051869	0.000391501517011499	0.000218746582084655
tpaquete9	0.000112918952978823	0.000462584975488329	0.000218746582084655
mvr_msaldopesos2_delta1	0.000111759160377558	0.000596331155231878	0.000656239746253965
Visa_msaldodolares_lag1	0.000110973462161943	0.000469841686705905	0.00043749316416931
mv_mpagospesos	0.000109907492802117	0.000136464177530415	0.000546866455211637
mautoservicio_delta1	0.000109788549897624	0.000331502747392204	0.000656239746253965
cforex_sell_tend6	0.000106430678675835	0.00136773983949097	0.000328119873126982
Visa_msaldodolares_avg6	0.000106229209614387	0.000509881740055767	0.000546866455211637
mtarjeta_visa_consumo_avg6	0.000104085770559698	0.000326836764020224	0.000656239746253965
Master_mpagospesos_lag1	0.000102297988204073	0.000325200851304802	0.000656239746253965
mv_mconsumospesos_lag1	0.000101824371883205	0.000403634584745986	0.000546866455211637
cprestamos_hipotecarios_avg6	0.00010105232730489	0.00234580352674457	0.000328119873126982
mv_status01_tend6	0.000100999503081918	0.000889228105963974	0.00043749316416931
mvr_msaldodolares_avg6	0.000100632193030126	0.000401578506881985	0.000546866455211637
cseguro_vida_tend6	9.90269169127203e-05	0.0022802775223699	0.000328119873126982
ctransferencias_recibidas_lag1	9.86342290192452e-05	0.000310127208671545	0.000546866455211637
ctarjeta_master_descuentos_avg6	9.7866362729201e-05	0.00158126218904254	0.000328119873126982
Master_mpagospesos_avg6	9.76099675203899e-05	0.00043773188732217	0.000656239746253965
ccheques_emitidos_avg6	9.54850598077407e-05	0.000959348032191366	0.000218746582084655
matm_avg6	9.5476931278246e-05	0.000416923542495029	0.000984359619380947
mvr_Master_mlimitecompra_tend6	9.51269825374381e-05	0.00030521830824271	0.000328119873126982
minversion1_pesos_avg6	9.44026008031054e-05	0.00174318267939226	0.000218746582084655
mvr_msaldopesos_delta1	9.4101230437285e-05	0.000127447189362568	0.00043749316416931
cforex_buy_tend6	9.3967333669134e-05	0.00260636228956818	0.000328119873126982
mplazo_fijo_dolares_lag1	9.3809211216461e-05	0.000581674190899495	0.00043749316416931
mvr_mpagado	9.31645290042774e-05	0.00118278348977123	0.000546866455211637
ccaja_seguridad_avg6	9.2798881055731e-05	0.000627992894685385	0.000218746582084655
mv_mconsumosdolares_delta1	9.23416640455245e-05	0.000480738666928597	0.000656239746253965
Visa_fechaalta_delta1	9.18606696699699e-05	0.000164969738668662	0.000765613037296292
Master_mconsumosdolares_avg6	9.00888386845532e-05	9.96942061875434e-05	0.00043749316416931
Visa_mfinanciacion_limite_tend6	8.99626272773538e-05	0.000155647651326536	0.000218746582084655
mv_status01	8.7468668485249e-05	0.000388119855877915	0.000218746582084655
mvr_mconsumototal_tend6	8.69124664620632e-05	9.87568252959002e-05	0.000328119873126982
cforex_tend6	8.66098902576739e-05	0.000232453026888995	0.000328119873126982
cextraccion_autoservicio_tend6	8.50740276510837e-05	0.0011322241980335	0.000765613037296292
ctarjeta_visa_trx_delta1	8.458939538095e-05	0.0002055525779781	0.00043749316416931
thomebanking_lag1	8.33783676979401e-05	0.000118322108915834	0.000328119873126982
Master_mconsumototal	8.2875010008953e-05	8.40568565084755e-05	0.000218746582084655
Visa_Fvencimiento_delta1	8.23575103395446e-05	0.000198193004753196	0.000765613037296292
Visa_Finiciomora_tend6	8.11629698629042e-05	0.000514905706458902	0.000218746582084655
tpaquete7	8.10057592035518e-05	0.000522472747122316	0.000109373291042327
mtarjeta_master_consumo_lag1	8.04714995758304e-05	0.000309497832660603	0.00043749316416931
mv_mpagado_tend6	7.94433392904405e-05	0.00074408109650421	0.00043749316416931
Visa_mconsumototal_delta1	7.87611696089612e-05	0.000286980932457498	0.000546866455211637
mextraccion_autoservicio	7.73066286825747e-05	0.000307753246525009	0.00043749316416931
Master_msaldototal_delta1	7.64945265527347e-05	0.000134337781571008	0.00043749316416931
ctarjeta_master_trx_delta1	7.59993918380333e-05	0.000868847481122109	0.000546866455211637
mtarjeta_visa_consumo_delta1	7.41692138621544e-05	0.000173885027111749	0.00043749316416931
Master_status_tend6	7.37235185981809e-05	3.74533934932573e-05	0.000218746582084655
Master_mconsumosdolares_tend6	7.33300846389293e-05	0.000206028532689976	0.000546866455211637
ccomisiones_mantenimiento_lag1	7.24520288858549e-05	0.000147449491228327	0.000218746582084655
ctarjeta_master_trx_avg6	7.2383093363291e-05	0.000294507293231008	0.000328119873126982
Visa_mpagado_delta1	7.20492377083831e-05	0.000158366811395971	0.000218746582084655
cpayroll_trx_avg6	7.12508523154906e-05	0.000343977526201884	0.000765613037296292
Master_mconsumospesos_lag1	7.06883364782024e-05	0.000126077439355375	0.00043749316416931
mcaja_ahorro_adicional_avg6	7.01851467138511e-05	0.00157652123844488	0.000218746582084655
Master_mconsumototal_tend6	6.98573693133804e-05	0.000154866016299096	0.000328119873126982
mvr_msaldodolares2_tend6	6.92109660002058e-05	0.000375997248686546	0.000218746582084655
cpagomiscuentas_delta1	6.86719487708472e-05	0.000627321676501971	0.000218746582084655
mprestamos_prendarios_lag1	6.85705826182093e-05	0.000845843003381441	0.000109373291042327
thomebanking_delta1	6.82638151809131e-05	0.00045073666698317	0.000218746582084655
ctarjeta_master_debitos_automaticos_avg6	6.78619232454329e-05	0.000540753708503854	0.000218746582084655
mv_msaldototal_delta1	6.71310424256853e-05	0.000453521496017735	0.000328119873126982
ccajas_trx_lag1	6.69915570033462e-05	0.000773203829686428	0.000328119873126982
mvr_msaldodolares_lag1	6.653905471612e-05	0.000561261022145706	0.000546866455211637
ccajas_consultas_delta1	6.51777397498547e-05	0.000453997450729611	0.000218746582084655
mvr_mconsumosdolares	6.44409054776145e-05	6.95085655962641e-05	0.000328119873126982
ctarjeta_visa_tend6	6.42948193445837e-05	2.73897698723112e-05	0.000109373291042327
mcheques_emitidos_lag1	6.39822896326257e-05	4.36344121935162e-05	0.000109373291042327
mvr_mpagado_tend6	6.33914366290868e-05	0.000551406028245839	0.00043749316416931
mforex_sell_delta1	6.31513139146803e-05	0.00036334231607872	0.000218746582084655
tpaquete9_avg6	6.23062952839768e-05	0.00119995912042995	0.000218746582084655
mvr_mpagosdolares_tend6	5.88654819510024e-05	0.000253834958163781	0.000218746582084655
ctarjeta_debito_trx_delta1	5.86210204686366e-05	0.00036720923018473	0.00043749316416931
mvr_mconsumototal	5.83030031435593e-05	0.000118831769822202	0.000546866455211637
catm_trx_tend6	5.68476635882541e-05	0.000221718185084634	0.000328119873126982
Master_mpagominimo_delta1	5.63360510692395e-05	0.000263109973061876	0.00043749316416931
Visa_status_avg6	5.60305043530425e-05	7.09864078823452e-05	0.000218746582084655
ctarjeta_visa_debitos_automaticos_lag1	5.5539102918365e-05	8.16265236573583e-05	0.000328119873126982
Master_mpagospesos_delta1	5.50279318246263e-05	4.65517414409118e-05	0.000218746582084655
Master_cconsumos	5.24174986224653e-05	0.000142139022172012	0.000218746582084655
ctarjeta_master_trx_lag1	5.13960792613317e-05	5.59679736711012e-05	0.000218746582084655
mvr_mconsumosdolares_delta1	5.10114798181791e-05	0.000184343826806048	0.000218746582084655
mv_mconsumosdolares_lag1	5.05223899536683e-05	6.57683402902405e-05	0.000328119873126982
mttarjeta_master_debitos_automaticos_avg6	4.9821812219691e-05	0.000101853727200157	0.000109373291042327
active_quarter_avg6	4.92660944348762e-05	6.6837059112145e-05	0.000218746582084655
ccallcenter_trx_delta1	4.87997468699947e-05	0.000360590030956077	0.000218746582084655
mvr_Visa_mlimitecompra_delta1	4.78975331488427e-05	3.93665106013104e-05	0.000109373291042327
ccajas_trx_delta1	4.77271492623685e-05	0.000368392433839649	0.000218746582084655
Visa_mpagosdolares_tend6	4.69930712847542e-05	0.000190925251851218	0.00043749316416931
mv_msaldototal_lag1	4.54099795833505e-05	0.000139656967746588	0.000109373291042327
cseguro_vida_lag1	4.49977906995003e-05	0.0002613276127428	0.000109373291042327
mvr_msaldodolares2_delta1	4.44058800493119e-05	0.00081540689089661	0.000328119873126982
cseguro_vivienda	4.42545933083319e-05	0.000387531740898161	0.000109373291042327
cseguro_accidentes_personales_avg6	4.42437230476432e-05	0.000152793085337849	0.000218746582084655
mcuenta_debitos_automaticos_delta1	4.27880686399723e-05	0.000455772837353275	0.00043749316416931
ccajas_extracciones	4.27516445376713e-05	0.000433663898331778	0.000218746582084655
cextraccion_autoservicio	4.16686446112437e-05	8.76744610035029e-05	0.000328119873126982
matm_lag1	4.15556247931785e-05	0.000463903585062501	0.000546866455211637
cseguro_accidentes_personales	4.02227695677777e-05	7.05668238750504e-05	0.000109373291042327
mttarjeta_master_debitos_automaticos_tend6	3.99147339148441e-05	0.000528660739517987	0.00043749316416931
mv_mpagosdolares_tend6	3.93886138845894e-05	0.000184457730497779	0.000218746582084655
Visa_mpagosdolares_lag1	3.91354519841695e-05	2.02649777262813e-05	0.000109373291042327
cforex_buy_avg6	3.91088431666612e-05	0.000805809923726991	0.000109373291042327
Visa_delinquency_lag1	3.89816293738875e-05	4.68533537674852e-05	0.000109373291042327
cprestamos_personales_delta1	3.86273612294996e-05	0.000718188346580363	0.000109373291042327
cextraccion_autoservicio_delta1	3.83908561699777e-05	8.11767203032778e-05	0.000218746582084655
active_quarter_tend6	3.82716128380514e-05	0.000304212933820799	0.000109373291042327
Master_mconsumototal_lag1	3.69762120341919e-05	2.00575102877713e-05	0.000109373291042327
Visa_madelantopesos	3.68773399520934e-05	9.41315218138242e-05	0.000109373291042327
mv_status03_avg6	3.67562028249493e-05	0.000847566087289514	0.00087498632833862
mforex_sell_lag1	3.64177572498889e-05	1.91247785264028e-05	0.000109373291042327
mcaja_ahorro_adicional_lag1	3.61723245135466e-05	0.000746432394140656	0.000109373291042327
Master_fechaalta_delta1	3.59564536560495e-05	0.000236768000925233	0.0012031062014656
mv_mpagado	3.54576322272566e-05	0.0018933187867781	0.0012031062014656
mv_status07_delta1	3.50762971173664e-05	0.00013838426833388	0.000109373291042327
cseguro_vida_avg6	3.47930595755951e-05	0.000572356171546359	0.000218746582084655
Visa_mlimitecompra_tend6	3.4786897480372e-05	1.76527476531651e-05	0.000109373291042327
ccallcenter_trx_lag1	3.47236558948776e-05	0.000503064952790439	0.00043749316416931
ccajas_extracciones_tend6	3.47215617396339e-05	0.000204453058668125	0.000218746582084655
matm	3.42387453127811e-05	0.000172372897489892	0.000218746582084655
catm_trx_delta1	3.41691259249153e-05	0.000168863385273752	0.000109373291042327
Visa_mpagosdolares	3.38775334492778e-05	1.69710689266322e-05	0.000109373291042327
cplazo_fijo_avg6	3.35717539230394e-05	8.29945302406988e-05	0.000109373291042327
cliente_vip_lag1	3.35549043711614e-05	6.96898816769787e-05	0.000109373291042327
Master_mpagosdolares_lag1	3.33751482858485e-05	3.29443182680496e-05	0.000218746582084655
matm_other	3.19144764401205e-05	0.000275034992216568	0.000109373291042327
mforex_buy_tend6	3.16426357075342e-05	2.79563826245444e-05	0.000109373291042327
mcheques_emitidos_avg6	3.08715047263243e-05	0.000459363709349223	0.000109373291042327
ctarjeta_master_trx	2.99995517533214e-05	4.05566879516423e-05	0.000109373291042327
Visa_msaldodolares_tend6	2.96330820976063e-05	3.50091132513159e-05	0.000109373291042327
ccomisiones_otras_delta1	2.80942762043625e-05	6.17671825475476e-05	0.000218746582084655
mvr_mpagado_delta1	2.7456085661009e-05	5.51218319610996e-05	0.000109373291042327
Master_mconsumototal_delta1	2.72371386581743e-05	3.53113067191736e-05	0.000109373291042327
mv_Finiciomora_lag1	2.71942114934224e-05	0.000592707158182723	0.000109373291042327
mv_mfinanciacion_limite_avg6	2.68632337571043e-05	1.57477665230928e-05	0.000109373291042327
mvr_mconsumototal_delta1	2.65703424213547e-05	0.00019305106666934	0.000109373291042327
ctarjeta_debito_delta1	2.56568842277127e-05	0.00085462869731812	0.000109373291042327
ccajas_extracciones_delta1	2.52953120196023e-05	0.000599431543983841	0.000109373291042327
Master_mconsumospesos	2.44576251357315e-05	0.000157602029465777	0.000546866455211637
Visa_mfinanciacion_limite_delta1	2.42484113349433e-05	7.35230895884969e-05	0.000109373291042327
Visa_mpagado	2.37827873946676e-05	0.00052823824980427	0.000328119873126982
mv_status05	2.25171895191095e-05	3.124448001135e-05	0.000109373291042327
mtarjeta_visa_descuentos_avg6	2.24455530112067e-05	0.000716100305945723	0.000109373291042327
mv_Fvencimiento_delta1	2.18830680246428e-05	7.13199829795573e-05	0.000328119873126982
mvr_msaldodolares2	2.00269909887735e-05	0.000238541644125044	0.000218746582084655
mvr_mpagosdolares_lag1	1.99927170290877e-05	0.000135544230877302	0.000218746582084655
Master_madelantopesos_tend6	1.67840290819837e-05	3.17285707012067e-05	0.000109373291042327
catm_trx_other_delta1	1.67768869708935e-05	4.19485213276408e-05	0.000109373291042327
mpagomiscuentas_delta1	1.60864942355289e-05	8.61553576862336e-05	0.000109373291042327
mprestamos_hipotecarios_tend6	1.48733977594703e-05	1.51276887727002e-05	0.000109373291042327
ccheques_emitidos_tend6	1.35978264359255e-05	8.8045229142913e-05	0.000109373291042327
cpagomiscuentas_lag1	1.31968248603472e-05	0.000258764779678852	0.00043749316416931
mvr_msaldodolares2_lag1	1.20211757551967e-05	0.000484406830715362	0.000328119873126982
Visa_mpagosdolares_delta1	1.16763070379339e-05	3.0412866833457e-05	0.000109373291042327
mvr_mpagosdolares_delta1	1.15605545317368e-05	0.000666312188692312	0.000328119873126982
matm_other_delta1	1.07088510024686e-05	0.000125523611711397	0.000218746582084655
mv_msaldopesos_lag1	9.94471947218087e-06	0.000166931090503316	0.00043749316416931
catm_trx_lag1	9.82649216795058e-06	4.35623506742578e-05	0.000109373291042327
mvr_msaldodolares_tend6	9.82514264703066e-06	0.000187852757880903	0.000218746582084655
mtarjeta_master_consumo_delta1	9.25016429113271e-06	1.78259277558989e-05	0.000109373291042327
ctransferencias_recibidas_delta1	9.07662921131294e-06	0.000146560926204568	0.000218746582084655
Master_mpagosdolares_tend6	8.78961149266003e-06	2.97933702243487e-05	0.000109373291042327
Master_msaldodolares_tend6	6.92242882237495e-06	3.06145228591236e-05	0.000109373291042327
mv_fechaalta_delta1	6.82611316257937e-06	5.39874441740645e-05	0.000109373291042327
ccajas_consultas_lag1	6.53883874900406e-06	5.03279975065645e-05	0.000109373291042327
matm_delta1	6.48358354743081e-06	0.000220533238005862	0.000218746582084655
mtarjeta_master_consumo_tend6	5.78709216478767e-06	9.2719929634158e-05	0.000218746582084655
mvr_msaldodolares	4.61133844029677e-06	3.83390528105941e-05	0.000109373291042327
ctarjeta_master_debitos_automaticos_tend6	4.60378861345446e-06	0.000107838320146309	0.000109373291042327
mv_mconsumototal_delta1	4.4520454749729e-06	4.96916478002103e-05	0.000109373291042327
mv_mpagado_delta1	3.95656921084302e-06	0.000223091421939534	0.000109373291042327
tcallcenter_lag1	3.53103219102803e-06	0.000125567778449007	0.000109373291042327
mv_msaldodolares_tend6	2.67749728114826e-06	4.76477739031803e-05	0.000109373291042327
mtarjeta_visa_descuentos_tend6	7.87780724027671e-07	0.000261701867729916	0.000218746582084655
cinversion1_avg6	4.74830441327305e-07	0.000149740931312487	0.000109373291042327
mvr_mpagado_lag1	2.52005938200848e-07	0.000169599691281013	0.000109373291042327
mv_status04	8.88703841321762e-09	8.00940540905491e-05	0.000109373291042327
Master_status	3.46749956826933e-09	8.07472568941492e-05	0.000109373291042327
Master_status_delta1	1.20103969408088e-09	0.000262886814808688	0.000218746582084655
cpayroll_trx_delta1	3.56424602700958e-11	5.27141636200717e-05	0.000109373291042327
tcallcenter_delta1	1.8922125493648e-12	9.94710479343562e-05	0.000109373291042327
Master_madelantopesos	2.41469670635192e-13	0.000174979897291449	0.00043749316416931
