Feature	Gain	Cover	Frequency
ctrx_quarter_normalizado	0.0908342124856849	0.00937415623053135	0.00483665303609902
ctrx_quarter	0.0853663024909385	0.00538392790305906	0.00417710944026734
mv_status07_tend6	0.0693744087034187	0.000895430229328388	0.000263817438332674
mtarjeta_visa_consumo	0.0393679070480717	0.0094489151683669	0.00721100998109308
mcaja_ahorro	0.0385899023394517	0.00409995169988421	0.00641955766609506
mcuentas_saldo	0.0372971805622976	0.010689870731421	0.0106846062524733
ctrx_quarter_avg6	0.0337154642420135	0.00171112777895193	0.00263817438332674
mdescubierto_preacordado_tend6	0.0240400872412661	0.00229397814681724	0.000967330607219804
cpayroll_trx	0.0202891043294688	0.00782980264186552	0.00303390054082575
mdescubierto_preacordado	0.0192886482301122	0.000349643660518008	0.000351756584443565
mprestamos_personales	0.0160998076637542	0.00688540406796009	0.0035615354174911
mprestamos_personales_tend6	0.011829514651808	0.00589481627771291	0.00312183968693664
foto_mes	0.0116126214304835	0.0111052447605498	0.0107285758255287
mpasivos_margen	0.0114675680027039	0.00445346402933633	0.00457283559776635
mpayroll	0.00954990617263639	0.00756882383904542	0.00342962669832476
mpayroll_sobre_edad	0.00891904182144678	0.00754924317093963	0.00307787011388119
ccomisiones_mantenimiento_tend6	0.00845606200224199	0.00356769713518693	0.00228641779888317
cprestamos_personales_tend6	0.00624621065626343	0.00311284198850931	0.00101130018027525
mdescubierto_preacordado_delta1	0.00589250236149612	0.00171862139775817	0.000747482741942576
mcomisiones_mantenimiento_tend6	0.00484887783649167	0.00702800256074042	0.00474871388998813
mcuentas_saldo_tend6	0.00480710537107572	0.00375043389616391	0.0054961966319307
ctarjeta_visa_trx	0.00440982248022528	0.00365262945943426	0.00536428791276437
mactivos_margen	0.00440034908825891	0.00432827329047567	0.00677131425053863
cproductos_delta1	0.00435669561800696	0.00175001821468786	0.000571604449720793
mcuenta_corriente	0.00423490088984442	0.00278828745804519	0.00448489645165545
mcuenta_corriente_tend6	0.00399892092886527	0.00274110440699055	0.00562810535109704
mcuenta_corriente_avg6	0.00390674165152676	0.00477803820351116	0.00826627973442378
mcaja_ahorro_lag1	0.00358114844718737	0.00333646096612235	0.00505650090137625
Master_fechaalta	0.00356062120520215	0.00410973815087801	0.00576001407026338
cprestamos_personales_avg6	0.00355341798964155	0.00335233879475887	0.00224244822582773
ccaja_ahorro	0.00340647649287215	0.00312678719579308	0.00215450907971684
cliente_edad	0.0032891416824566	0.00430660513548384	0.00791452314998021
mactivos_margen_avg6	0.00320590245135404	0.0037278402026162	0.00545222705887526
mcaja_ahorro_dolares_delta1	0.00315908985605409	0.00544333642304919	0.00329771797915842
mrentabilidad_annual_delta1	0.0031341847855918	0.00408786099594082	0.00769467528470299
numero_de_cliente	0.0031174370149693	0.00357424054659128	0.00822231016136833
tcallcenter_tend6	0.00307505293006431	0.00564124452432278	0.00206656993360594
mrentabilidad_annual_tend6	0.00304525164335003	0.00375454377159234	0.00641955766609506
cliente_edad_avg6	0.00301609494461293	0.00446845309427074	0.00707910126192675
cproductos_tend6	0.00293120381247588	0.0047599593656139	0.00255023523721585
cliente_edad_lag1	0.00292057934963417	0.00359389225183696	0.00602383150859605
mprestamos_personales_lag1	0.00274238546092711	0.000533648582912131	0.000791452314998021
thomebanking_avg6	0.0027069785354948	0.00226584995198398	0.00413313986721189
mactivos_margen_tend6	0.00263394538290281	0.0028363652115982	0.00505650090137625
ctrx_quarter_delta1	0.00260468846263628	0.00236477956219	0.00457283559776635
mrentabilidad_avg6	0.00255837712027394	0.00365514545331212	0.004045200721101
mvr_msaldototal_avg6	0.00251700823563413	0.000575917508475333	0.00136305676471881
ctrx_quarter_normalizado_tend6	0.00248231955752494	0.00152213518135882	0.00347359627138021
ctarjeta_visa_trx_tend6	0.00245625082090497	0.00191012382201763	0.00285802224860397
ctrx_quarter_tend6	0.00236112461034163	0.00191942283488748	0.00435298773248912
mv_status06_tend6	0.00234951505019525	0.000349555263819803	8.79391461108913e-05
mrentabilidad_annual_avg6	0.00230434664671969	0.00394026500610614	0.00554016620498615
mcuentas_saldo_delta1	0.00228814414272093	0.007353007069229	0.00641955766609506
mv_msaldopesos	0.00227848310890942	0.000654352104366487	0.00118717847249703
cproductos	0.00225620786597152	0.00568206050053899	0.00474871388998813
Visa_cconsumos_tend6	0.00221674749766844	0.00177520739061724	0.004045200721101
mrentabilidad	0.00221502516535036	0.00194142607503762	0.0045288660247109
mes	0.00218712733815486	0.00141808632877508	0.00224244822582773
Visa_Finiciomora	0.00217629726655942	0.00414571560704751	0.000659543595831685
mrentabilidad_annual_lag1	0.00214625129517988	0.00251936574364011	0.00523237919359803
mcomisiones_mantenimiento	0.00213112200437391	0.0035879041178831	0.0025062656641604
mtarjeta_visa_debitos_automaticos_tend6	0.0021172473390164	0.00597909464912572	0.00329771797915842
mtransferencias_recibidas	0.00210398955263131	0.00322057175269918	0.00334168755221387
mcaja_ahorro_delta1	0.00209124875424191	0.00571210350033622	0.00422107901332278
chomebanking_trx_delta1	0.00208600086772347	0.00301083768074634	0.00395726157499011
mtransferencias_emitidas_avg6	0.00207546828879136	0.00316043824273463	0.00439695730554456
chomebanking_trx_avg6	0.00207081444150471	0.00430266771356224	0.00518840962054259
ccaja_ahorro_avg6	0.00201185461147477	0.00252210923909784	0.00215450907971684
Visa_fechaalta_tend6	0.00197342704373598	0.00429662316104389	0.00237435694499406
mrentabilidad_tend6	0.00197163758029035	0.00162679527312704	0.00505650090137625
mrentabilidad_annual	0.00194289394049595	0.00284815189485603	0.00373741370971288
ctransferencias_recibidas_avg6	0.00190178386898779	0.00306297916984913	0.00479268346304357
Visa_fechaalta_avg6	0.00187888324343638	0.00152369799843665	0.0025062656641604
thomebanking	0.00187539678788314	0.000696747571973114	0.00145099591082971
mcuentas_saldo_avg6	0.00187066725875058	0.00216186368517623	0.00395726157499011
mactivos_margen_lag1	0.00186868074634058	0.0016387621760099	0.00417710944026734
ccaja_ahorro_tend6	0.0018670037661907	0.00444487698677218	0.000879391461108913
mrentabilidad_delta1	0.00186247597102775	0.00199572974281021	0.00422107901332278
mpasivos_margen_avg6	0.00181985072809414	0.00118853152429833	0.00246229609110496
ctarjeta_visa_debitos_automaticos_tend6	0.00181208826254431	0.00194041191136829	0.00228641779888317
ccallcenter_trx_tend6	0.00180274949528293	0.00275107107760937	0.00215450907971684
Master_Fvencimiento_avg6	0.00177814326384524	0.00132094635198105	0.00426504858637823
mcuenta_corriente_delta1	0.0017742984456669	0.00308630219326085	0.00382535285582377
ccomisiones_otras_avg6	0.00173692521356638	0.00275911403506984	0.00426504858637823
mcuenta_corriente_lag1	0.00173608136007365	0.00278213463670268	0.00382535285582377
Master_fultimo_cierre_avg6	0.00172670975455827	0.00170114352035956	0.00448489645165545
Master_status	0.00171515522207574	0.000110656220255518	0.000219847865277228
mactivos_margen_delta1	0.00168745221702779	0.00195995968767939	0.00373741370971288
mvr_mpagominimo_avg6	0.00168297920281249	0.00214778120033271	0.00285802224860397
ccallcenter_trx_avg6	0.00166114502392141	0.00263443700208583	0.00320977883304753
mv_fechaalta_avg6	0.00165493665111767	0.00115451227198855	0.00255023523721585
ccomisiones_mantenimiento_avg6	0.00165267542662533	0.00428880153795179	0.00312183968693664
chomebanking_trx	0.00164517506501107	0.00386881808926277	0.00351756584443565
mcuentas_saldo_lag1	0.00164084767324874	0.00453564851823636	0.00395726157499011
Master_Fvencimiento	0.00163059028483609	0.00320360621068578	0.00400123114804555
mv_msaldototal	0.00162482499459981	0.000703946535118675	0.00145099591082971
chomebanking_trx_tend6	0.00161725887776283	0.00254481714026597	0.00395726157499011
Visa_Fvencimiento_avg6	0.00161505922422643	0.00158117732330264	0.00422107901332278
mpasivos_margen_tend6	0.00161197981342609	0.00569949292330468	0.00457283559776635
ccaja_seguridad	0.0015977349458627	0.00325761659328913	0.000967330607219804
Visa_status	0.00158725331201005	0.0011081949146967	0.000219847865277228
mcaja_ahorro_dolares_avg6	0.00157126269249638	0.00116091680692647	0.00342962669832476
ccomisiones_mantenimiento_delta1	0.00152568344495586	0.00197071302038766	0.0010552697533307
cliente_antiguedad	0.00150970946594008	0.00186548326100879	0.00369344413665743
Visa_mpagominimo	0.00149861380737565	0.00182346467854955	0.00382535285582377
ctarjeta_debito_avg6	0.00149618845791323	0.00154736204580293	0.00338565712526931
mv_Fvencimiento_avg6	0.00149302897679358	0.00114295834386113	0.00369344413665743
mprestamos_personales_delta1	0.0014924445176204	0.00395077850281153	0.00171481334916238
Master_fechaalta_lag1	0.00148641965970421	0.00185899284194031	0.00417710944026734
mtransferencias_recibidas_avg6	0.00147230615185468	0.001783168118591	0.00386932242887922
mv_Fvencimiento	0.00146309688697338	0.00150386515990497	0.00364947456360199
cmobile_app_trx_avg6	0.00145466139950889	0.00201134580758073	0.00426504858637823
mcomisiones_avg6	0.00145100584636887	0.00119948403509662	0.00334168755221387
ctrx_quarter_normalizado_delta1	0.00144814987995899	0.00169065514933066	0.00281405267554852
mv_mpagominimo	0.00143937698734111	0.00241273716932633	0.00237435694499406
mcaja_ahorro_avg6	0.0014327366908014	0.00225190223213255	0.00430901815943367
Master_Fvencimiento_lag1	0.00141162278989542	0.00151516646077602	0.0035615354174911
mv_fultimo_cierre_avg6	0.00140625280063713	0.00105961624652053	0.00360550499054654
mcomisiones_otras	0.00140569961902796	0.00165465850628093	0.00294596139471486
ctransferencias_recibidas_tend6	0.00137769767796574	0.00402575854660022	0.00439695730554456
mtarjeta_visa_consumo_tend6	0.0013709490779418	0.00153658815572298	0.00162687420305149
Visa_cconsumos_avg6	0.00134811954664714	0.00223396341277792	0.00312183968693664
Visa_mfinanciacion_limite	0.00134466440974451	0.00206900740780891	0.00268214395638218
mpayroll_avg6	0.00133934356070652	0.00239497445812239	0.00171481334916238
Visa_mpagospesos	0.00133435299043025	0.00192966063439718	0.00334168755221387
Visa_fultimo_cierre_avg6	0.00132979050760385	0.00155399659488838	0.00342962669832476
mprestamos_personales_avg6	0.00131761130497591	0.000518928591131425	0.000615574022776239
chomebanking_trx_lag1	0.00130214691667496	0.00122670884765236	0.00360550499054654
ctransferencias_emitidas_avg6	0.00129634968022308	0.00106378756564875	0.00272611352943763
mcomisiones_otras_avg6	0.00129187551158766	0.00314379545145653	0.00320977883304753
cproductos_avg6	0.00127361159700483	0.00213276107092554	0.00386932242887922
Master_fultimo_cierre_tend6	0.00127296636719541	0.00472881197812721	0.00320977883304753
mv_fechaalta_tend6	0.0012628444209185	0.00130086910914167	0.00189069164138416
mcuenta_debitos_automaticos	0.00124914276887139	0.00455495143340928	0.00189069164138416
Master_fechaalta_avg6	0.00123922501123305	0.00146662411062315	0.00312183968693664
Visa_mpagospesos_tend6	0.00122947653721347	0.00123350374423688	0.00325374840610298
mcaja_ahorro_tend6	0.00119380425680153	0.00141271537280197	0.00338565712526931
mcomisiones_mantenimiento_avg6	0.00119216620060619	0.00249544815535649	0.00268214395638218
Visa_fechaalta	0.00119019810449153	0.00106337230674091	0.00255023523721585
mcomisiones_otras_tend6	0.00118216069607864	0.00116537501559719	0.00268214395638218
mpasivos_margen_lag1	0.00117995384307424	0.00215522365412501	0.00351756584443565
ccomisiones_otras_tend6	0.0011762818400088	0.00118283758917467	0.00312183968693664
cmobile_app_trx_tend6	0.00117587390596568	0.00241192949303471	0.00290199182165941
Visa_Fvencimiento	0.00115307747041885	0.00135472234205933	0.0029899309677703
mcomisiones	0.00115280608793486	0.00229366704525922	0.00303390054082575
mv_Fvencimiento_lag1	0.00114283327745187	0.000798904689532209	0.00255023523721585
Visa_fechaalta_lag1	0.00113010086235267	0.00104594696484769	0.00325374840610298
cmobile_app_trx_lag1	0.00111580164754213	0.00293044419574974	0.00294596139471486
cliente_antiguedad_avg6	0.00111183845314338	0.00140638621489353	0.00281405267554852
ccallcenter_trx	0.00110053511908872	0.00442468256691426	0.00140702633777426
mv_fultimo_cierre_tend6	0.00109683962365081	0.00196963307312897	0.00285802224860397
Visa_mpagospesos_lag1	0.00108641153322574	0.00135423627442682	0.00272611352943763
Visa_Fvencimiento_lag1	0.00108536274040765	0.000923844856873668	0.0029899309677703
mv_status02	0.00108236546697128	0.000464788697086517	0.000175878292221783
ccajas_trx_avg6	0.00107895832348689	0.00328336218874519	0.004045200721101
mvr_msaldopesos2_avg6	0.00107882032879228	0.00160206932330609	0.00439695730554456
Visa_mpagominimo_avg6	0.00107599835090157	0.00122610194835745	0.00255023523721585
mv_mpagospesos_tend6	0.00107181646620517	0.00110442469273139	0.00219847865277228
mv_Finiciomora_lag1	0.00106825078617041	0.00378245451511633	0.000923361034164358
ccajas_extracciones_avg6	0.00106571739276791	0.00370512179434699	0.00215450907971684
mrentabilidad_lag1	0.00106041254971794	0.000954597085993707	0.00294596139471486
mcomisiones_tend6	0.00105829618665315	0.00105756233667489	0.00277008310249308
mv_mpagominimo_avg6	0.00105683811800038	0.00161756569849041	0.00175878292221783
mcaja_ahorro_dolares_tend6	0.00105047360669874	0.0017547153457005	0.00237435694499406
Visa_mpagado_avg6	0.00104892093146933	0.00198057142218233	0.00189069164138416
mautoservicio	0.00103757975742082	0.00274057128581843	0.00145099591082971
mvr_msaldopesos2	0.00103427579777503	0.0009709121014012	0.00272611352943763
mtransferencias_recibidas_lag1	0.00103182081413281	0.00290401632396929	0.00285802224860397
Visa_msaldototal	0.00101771619668679	0.00091681240843868	0.00189069164138416
mcaja_ahorro_dolares_lag1	0.00101604495934287	0.00127145151027386	0.00259420481027129
mcaja_ahorro_dolares	0.00101569717886806	0.00247046615205056	0.0025062656641604
mcomisiones_otras_lag1	0.00100809516381898	0.000794911077461359	0.00268214395638218
Visa_msaldopesos	0.00100391342846379	0.00174018585223065	0.00233038737193862
mv_Fvencimiento_tend6	0.00100254367935106	0.000800539228995661	0.00197863078749505
mpagomiscuentas	0.000998800003637202	0.0023139685918651	0.00145099591082971
Visa_mpagominimo_tend6	0.00099608104467103	0.0012645394366708	0.0025062656641604
cliente_antiguedad_lag1	0.0009865854401894	0.00144331159431251	0.00268214395638218
mtransferencias_emitidas	0.00098364212764779	0.00353735285568703	0.00268214395638218
Visa_mconsumospesos_avg6	0.000963243064988826	0.00125976692862868	0.00259420481027129
ctarjeta_visa_trx_lag1	0.000960855202373242	0.00344855665922564	0.00294596139471486
cliente_vip	0.00096040989248864	0.000699611442262769	0.000527634876665348
mv_fechaalta	0.000960010141640817	0.000614607624045051	0.00228641779888317
Visa_mconsumospesos_tend6	0.00095411237284044	0.00113790511348803	0.00281405267554852
mv_msaldopesos_lag1	0.000952306970918663	0.000118010277349609	0.000439695730554456
ctarjeta_debito_trx_avg6	0.000949232519807257	0.00473548581463408	0.00329771797915842
ctrx_quarter_normalizado_lag1	0.000947943127021642	0.00135885277485944	0.00228641779888317
mtransferencias_recibidas_tend6	0.000945333825294773	0.00207439115503551	0.00277008310249308
mpasivos_margen_delta1	0.000931048811523547	0.00107158360623387	0.00277008310249308
mautoservicio_avg6	0.000925737663626885	0.00158235229130152	0.00272611352943763
mv_Finiciomora	0.000924356527173586	0.0012775127371048	0.000439695730554456
mv_fechaalta_lag1	0.000918656070184966	0.00218783152866163	0.00233038737193862
Master_fechaalta_tend6	0.00090857204405734	0.000735992736578073	0.00171481334916238
mtarjeta_visa_debitos_automaticos_avg6	0.000900468065812116	0.000822014601524216	0.0020226003605505
cplazo_fijo	0.000895141065909048	0.00227034653441516	0.000483665303609902
mvr_mpagospesos_tend6	0.000885900315222594	0.00133340640336888	0.0015389350569406
Visa_mpagospesos_avg6	0.000883559405476929	0.00135508255289413	0.00263817438332674
Visa_delinquency_tend6	0.000875415628398413	0.00166906739650361	0.000615574022776239
ctarjeta_master	0.000872983692120394	0.000165679852867236	0.000131908719166337
Visa_fultimo_cierre	0.00087173593533055	0.00111890256435681	0.00241832651804951
mcomisiones_lag1	0.000868403432899139	0.00095052558432573	0.00219847865277228
Visa_mpagominimo_lag1	0.00085641848256617	0.00100460106527272	0.00233038737193862
Visa_mconsumospesos	0.000850869042448113	0.000836518969317569	0.00263817438332674
mv_cconsumos_tend6	0.000850253968722288	0.00130196710120439	0.0020226003605505
mv_fultimo_cierre	0.000844167464016724	0.00147734226738433	0.00233038737193862
mvr_msaldopesos2_tend6	0.000832525921118158	0.00133593084861064	0.00206656993360594
Visa_Fvencimiento_tend6	0.000825889170527099	0.000914105459419483	0.00197863078749505
Visa_mconsumospesos_lag1	0.000812624767278195	0.000887293850034419	0.00197863078749505
tcallcenter_avg6	0.000808830520852149	0.00218505788239211	0.00237435694499406
mvr_mpagominimo	0.00080717456473057	0.00429230771189869	0.00281405267554852
mpayroll_sobre_edad_avg6	0.000806984424627896	0.00121509941462142	0.00123114804555248
mforex_sell_avg6	0.000773448107744853	0.00448634531691624	0.00180275249527327
Master_mpagospesos_tend6	0.000770746329361167	0.00259559293464378	0.0015389350569406
ctrx_quarter_lag1	0.00076453221574153	0.000736062631641771	0.00237435694499406
Visa_mpagospesos_delta1	0.000761262242490557	0.000877178024263329	0.00224244822582773
ccajas_consultas_avg6	0.000759469463042014	0.00423886425592311	0.00255023523721585
mtarjeta_visa_debitos_automaticos_lag1	0.000759079965201741	0.00306369844944254	0.0020226003605505
mvr_Visa_mlimitecompra_avg6	0.000755601593283924	0.000495677290105338	0.00167084377610693
Master_mfinanciacion_limite_avg6	0.000750263370142174	0.000834124492347841	0.0020226003605505
mcuenta_debitos_automaticos_tend6	0.00074855180570485	0.00282062671625858	0.0015389350569406
mtarjeta_master_consumo	0.0007441665339145	0.00104624892979608	0.000571604449720793
Master_mlimitecompra	0.000736288062528819	0.000792574846378045	0.00171481334916238
mvr_mconsumospesos_avg6	0.000726519745697438	0.000847719310652168	0.00158290462999604
ctarjeta_visa_debitos_automaticos_avg6	0.000723907796766809	0.00245361024935275	0.00206656993360594
mv_mpagominimo_delta1	0.000719281332672485	0.00169676205920976	0.0010552697533307
catm_trx_avg6	0.000717101875977123	0.00114319635254209	0.00224244822582773
mv_cconsumos_avg6	0.000716491449830743	0.00145156172439642	0.00189069164138416
Master_fultimo_cierre_lag1	0.000714471891634549	0.00106477431948918	0.00215450907971684
cextraccion_autoservicio_avg6	0.00070477961759991	0.00101652616816651	0.00237435694499406
Visa_fultimo_cierre_tend6	0.000703532855182492	0.000691371134034218	0.00184672206832872
ctarjeta_visa_trx_avg6	0.000701137651838134	0.00201948013113753	0.00312183968693664
Master_mfinanciacion_limite	0.000697532323410016	0.00144347902268405	0.00197863078749505
mvr_mpagominimo_tend6	0.000696387330368333	0.00188834100257491	0.00149496548388515
Visa_mlimitecompra	0.000695328676865754	0.000840404540979502	0.00162687420305149
mvr_msaldototal_tend6	0.000693660742937659	0.00315884755899742	0.00158290462999604
Master_Fvencimiento_tend6	0.000685290049005993	0.000705174267038191	0.00180275249527327
mtarjeta_visa_debitos_automaticos	0.00068158706241306	0.000999425632745764	0.00184672206832872
Visa_cconsumos_lag1	0.000679377651618534	0.00195396926957311	0.00189069164138416
Visa_mfinanciacion_limite_avg6	0.000678452755725018	0.000862959175521027	0.0015389350569406
Visa_mconsumosdolares_tend6	0.000674354973580857	0.00118096115797116	0.00189069164138416
ccajas_consultas_tend6	0.000671619886220265	0.00460425897461897	0.00193466121443961
mcomisiones_otras_delta1	0.000666801931556194	0.00189812813881443	0.00167084377610693
Visa_mconsumosdolares_avg6	0.000661985272694386	0.0015181344884155	0.0020226003605505
mvr_Visa_mlimitecompra	0.000657579758574924	0.000636053987838019	0.0015389350569406
mv_mpagospesos_avg6	0.00065682765189031	0.00190400297880884	0.00175878292221783
Master_mlimitecompra_avg6	0.000654547602868622	0.000578523269542838	0.00171481334916238
ctransferencias_emitidas_tend6	0.000654105435538195	0.00223195404390425	0.00171481334916238
mv_status01_avg6	0.000653293250188021	0.000568482363970744	0.000263817438332674
cprestamos_personales	0.000648917428697511	0.00111715198995101	0.000615574022776239
Master_fultimo_cierre	0.000641764013651359	0.000550437559944368	0.00184672206832872
mextraccion_autoservicio_avg6	0.000640989927248345	0.000676346436322231	0.00189069164138416
Master_mfinanciacion_limite_lag1	0.00064093246609278	0.00365597779844974	0.00171481334916238
ccomisiones_otras	0.000639940648766717	0.00188051275544083	0.00184672206832872
mpagomiscuentas_avg6	0.000639104062975657	0.00136229590619987	0.00197863078749505
mv_mpagospesos_lag1	0.000635825504073594	0.00048748677639929	0.00140702633777426
mpayroll_sobre_edad_delta1	0.000631872498960703	0.00363918996349371	0.00136305676471881
mpayroll_lag1	0.000631346487400106	0.0010028073203864	0.00101130018027525
Visa_mconsumosdolares_lag1	0.000625501024551221	0.000974810921147101	0.00145099591082971
mcomisiones_mantenimiento_lag1	0.000622236846436293	0.00283348055552163	0.00145099591082971
ctrx_quarter_normalizado_avg6	0.000619610628595757	0.000873929731123341	0.00175878292221783
mvr_msaldopesos_lag1	0.000615384637678511	0.00217650898517318	0.00109923932638614
cmobile_app_trx	0.000613865048883501	0.00117668019952734	0.00175878292221783
mvr_Master_mlimitecompra_avg6	0.000600549985316457	0.00153037914423122	0.00171481334916238
mv_mpagominimo_tend6	0.000594518631022555	0.000877600820874124	0.00109923932638614
Visa_mlimitecompra_lag1	0.000593428767686651	0.00084045296501056	0.00145099591082971
Visa_cconsumos	0.000593424602343836	0.000682336169182783	0.00162687420305149
mcuenta_debitos_automaticos_avg6	0.000588363467361022	0.00164634761774296	0.0015389350569406
mvr_mconsumosdolares_avg6	0.000585920708564646	0.000474320465086779	0.0015389350569406
cpagomiscuentas_avg6	0.000583090435574674	0.000975472868515056	0.00158290462999604
cliente_edad_tend6	0.00057727774628369	0.000435148164943648	0.00140702633777426
Visa_cconsumos_delta1	0.000576409961764263	0.00215752402401551	0.00136305676471881
ccomisiones_mantenimiento	0.000576341417214508	0.00233241540671535	0.00070351316888713
mpayroll_sobre_edad_tend6	0.000574553459640784	0.00155381409111095	0.00123114804555248
mvr_mpagospesos_avg6	0.000573389003708785	0.00126683752240889	0.00162687420305149
mvr_msaldopesos2_lag1	0.000569388049627164	0.000640578893759064	0.00175878292221783
mvr_msaldopesos_tend6	0.000568251500607857	0.00104765414035773	0.0015389350569406
mtarjeta_visa_consumo_lag1	0.000563827188617874	0.00111453595019767	0.00149496548388515
Visa_msaldototal_tend6	0.000558681200631111	0.000905016131740729	0.00145099591082971
Master_msaldototal_lag1	0.000557475198653876	0.000368853839103151	0.000967330607219804
Master_mpagominimo_avg6	0.000553993023801646	0.000778542384472268	0.0010552697533307
ctarjeta_debito_trx_tend6	0.000549839583201596	0.000563866548783845	0.00140702633777426
mv_msaldopesos_avg6	0.000549609083657776	0.00230403207205806	0.00127511761860792
ccomisiones_otras_lag1	0.000545225004888505	0.00106915258282561	0.00158290462999604
ccallcenter_trx_delta1	0.000537350292610657	0.000637183044373492	0.000439695730554456
mv_msaldopesos_tend6	0.000531847254058758	0.000953009600069868	0.00109923932638614
Visa_mfinanciacion_limite_lag1	0.000530823200734427	0.000299699754447335	0.00118717847249703
Visa_mconsumospesos_delta1	0.000528955804045552	0.000531633960487921	0.00162687420305149
thomebanking_tend6	0.000524524581153003	0.00171188703121248	0.00109923932638614
Visa_mlimitecompra_avg6	0.000523655153410016	0.00074001261640162	0.00127511761860792
mv_mfinanciacion_limite	0.000523347247818896	0.000909857621185578	0.00127511761860792
mvr_Master_mlimitecompra	0.000522232453382526	0.000502410971405307	0.00145099591082971
mv_mpagospesos	0.000521670891754689	0.000559680611080208	0.00118717847249703
Master_msaldopesos_avg6	0.000520822529784587	0.000771949178545416	0.00114320889944159
mv_mconsumospesos_tend6	0.000519501071756896	0.000973164047260644	0.00118717847249703
mcomisiones_delta1	0.000511981116796749	0.00172589710842465	0.00149496548388515
Visa_mpagominimo_delta1	0.000510525796115432	0.000833151671837103	0.00167084377610693
Visa_msaldopesos_avg6	0.000510520321170808	0.000465351740655189	0.00145099591082971
Visa_Finiciomora_lag1	0.000503261010475238	0.00345727229957038	0.000527634876665348
Visa_msaldopesos_lag1	0.000503040076402154	0.000646074107623197	0.00118717847249703
Master_msaldototal_tend6	0.000501232170387037	0.00180237121630368	0.000879391461108913
mtransferencias_emitidas_tend6	0.000494174992611324	0.000928068939922526	0.00158290462999604
mvr_Visa_mlimitecompra_lag1	0.000492651881162809	0.000606917111301202	0.00131908719166337
Master_mlimitecompra_lag1	0.000484361142381557	0.000721848579619526	0.00123114804555248
Visa_msaldototal_avg6	0.000484202600996441	0.000506236469858899	0.00114320889944159
mautoservicio_tend6	0.000478464637437743	0.00242950033543635	0.00162687420305149
Master_cconsumos_avg6	0.000474633168625624	0.00245591039082801	0.00118717847249703
mvr_msaldodolares2_avg6	0.000471599679956548	0.00166540498653198	0.00136305676471881
mplazo_fijo_dolares	0.000468263957378868	0.00253187124966087	0.000527634876665348
cpayroll_trx_avg6	0.000465433252147032	0.00157376913179647	0.00101130018027525
ctransferencias_recibidas	0.00046488537157203	0.00122787353696541	0.00114320889944159
cproductos_lag1	0.000463832075127341	0.0012636004216157	0.00158290462999604
Visa_fultimo_cierre_delta1	0.000462301945943515	0.000214509549393091	0.00109923932638614
mv_fultimo_cierre_lag1	0.000459969640824732	0.000565957690313737	0.00131908719166337
Visa_msaldopesos_delta1	0.000456952163733417	0.00152769595039707	0.00123114804555248
cpagomiscuentas_tend6	0.000455311607897664	0.00155819875007411	0.00131908719166337
ctarjeta_debito_tend6	0.000449348753605675	0.00449306141024266	0.000879391461108913
mpayroll_delta1	0.000448556936644909	0.00399819796364044	0.00136305676471881
mpagomiscuentas_tend6	0.000438685280590322	0.00292349763144531	0.00114320889944159
mvr_mpagominimo_lag1	0.000437080860075587	0.000328890080150508	0.0010552697533307
Visa_mconsumosdolares	0.00043514566914745	0.000641843400532355	0.000967330607219804
ccuenta_debitos_automaticos_avg6	0.000433040191869242	0.00144309962496901	0.00123114804555248
mvr_msaldototal	0.000432487217419481	0.00126473313279503	0.00123114804555248
Master_mpagominimo_tend6	0.000432323718973647	0.00126630325916057	0.00101130018027525
mpayroll_tend6	0.000431783340845529	0.0013484502879611	0.00127511761860792
ctarjeta_visa_descuentos_avg6	0.000427871551909087	0.00434465614520969	0.0010552697533307
Visa_msaldototal_lag1	0.000427634533219427	0.000423546726446133	0.000923361034164358
mv_mconsumosdolares_avg6	0.000427578668500296	0.00126488046062537	0.00123114804555248
mvr_mpagospesos_lag1	0.000425862768115315	0.00085774856704698	0.00118717847249703
ccajas_consultas	0.000424824054189789	0.00209000996078893	0.000571604449720793
mprestamos_hipotecarios_avg6	0.000424064063946118	0.00377275257776164	0.000483665303609902
mtarjeta_visa_debitos_automaticos_delta1	0.000420746779881931	0.00128642938286148	0.00127511761860792
mprestamos_prendarios	0.000419672957821222	0.00467011839784091	0.000615574022776239
mvr_Master_mlimitecompra_lag1	0.000418767666640602	0.000453820425636612	0.00127511761860792
mdescubierto_preacordado_avg6	0.000416558342697274	0.000548784518846407	0.000615574022776239
Visa_fultimo_cierre_lag1	0.000414939300091282	0.000642103793906913	0.00145099591082971
Master_mconsumospesos_avg6	0.000414758984936898	0.00141620692817345	0.00123114804555248
mv_msaldototal_avg6	0.000412930868524766	0.00168760489220448	0.00158290462999604
Visa_msaldopesos_tend6	0.000412520124251311	0.000488417111675232	0.00114320889944159
mv_cconsumos_lag1	0.000412509222085954	0.0012210647070512	0.00109923932638614
mv_mpagominimo_lag1	0.000411420543244581	0.00117835402641221	0.00127511761860792
Master_msaldopesos_tend6	0.000410482951953196	0.0013519089515379	0.000923361034164358
mv_cconsumos	0.000404048764977162	0.00132294384326219	0.00127511761860792
matm_avg6	0.00040333456943699	0.000572306035102409	0.00136305676471881
mextraccion_autoservicio_tend6	0.000401876328174273	0.000478527416992574	0.0010552697533307
mvr_msaldopesos_avg6	0.000400404020555137	0.00025673964436535	0.000923361034164358
cextraccion_autoservicio_tend6	0.000400012835824456	0.00227528121727827	0.00127511761860792
Master_mlimitecompra_tend6	0.000398626973690305	0.0041418592725364	0.000879391461108913
mtransferencias_recibidas_delta1	0.000394843160488337	0.00144778008166907	0.00149496548388515
mplazo_fijo_dolares_tend6	0.000391608094433076	0.00237301278954608	0.000571604449720793
mtransferencias_emitidas_lag1	0.000384408012540556	0.000583189792913204	0.00149496548388515
mv_mlimitecompra_avg6	0.000383065028045795	0.000530062920461422	0.000967330607219804
mvr_mpagospesos	0.000383059447430994	0.000561492629185793	0.000835421888053467
mv_mpagado_avg6	0.000379207372129491	0.00333748221066415	0.00184672206832872
mv_mfinanciacion_limite_tend6	0.000377734673968546	0.00112262550436726	0.000571604449720793
ccajas_trx_tend6	0.000377089336354494	0.000786090594521073	0.000659543595831685
Master_msaldopesos	0.000373379844411759	0.00199972198438961	0.000791452314998021
Visa_mpagosdolares_avg6	0.000371049710947966	0.000468119448128449	0.00101130018027525
ctransferencias_emitidas	0.000369446017238008	0.0011500488097673	0.00101130018027525
mvr_msaldototal_delta1	0.000365516109488992	0.00155628166095774	0.000923361034164358
tpaquete7_avg6	0.000363300371163451	0.00150321166390093	0.000307787011388119
Master_mpagospesos_avg6	0.000363241722047938	0.00138299672264673	0.00109923932638614
mv_mfinanciacion_limite_avg6	0.000362815197429535	0.000283566100741069	0.000835421888053467
cplazo_fijo_tend6	0.000362190436199832	0.00124778563558565	0.000395726157499011
mcomisiones_mantenimiento_delta1	0.000361092399190468	0.00216097332256744	0.00070351316888713
mautoservicio_lag1	0.000354336003408622	0.000534775812125678	0.00123114804555248
mvr_msaldopesos	0.000352230975387385	0.000513334245052767	0.00114320889944159
ccajas_depositos_avg6	0.000352088093342282	0.00490286736104557	0.000967330607219804
mvr_mconsumospesos	0.000349963585161097	0.000472494970481984	0.00114320889944159
Visa_msaldototal_delta1	0.00034975533733618	0.000765603117909152	0.00114320889944159
mvr_msaldototal_lag1	0.000344451058214188	0.000322310807553347	0.000747482741942576
ctransferencias_recibidas_lag1	0.000343726880267826	0.000416399385145002	0.00109923932638614
mv_Finiciomora_tend6	0.000343394081962276	0.00136252066679685	0.000439695730554456
mpagomiscuentas_lag1	0.000342594454703311	0.00158733699710238	0.00109923932638614
mvr_Visa_mlimitecompra_tend6	0.0003415687514338	0.00153736590961804	0.000923361034164358
mvr_mconsumospesos_delta1	0.000339357611050109	0.000777261660216877	0.00109923932638614
mvr_msaldopesos2_delta1	0.000339168363224599	0.000378954817883586	0.00114320889944159
matm_other_avg6	0.000339007346391269	0.000689872958469547	0.000879391461108913
Master_cconsumos_tend6	0.000338406430054825	0.00114320731647365	0.000967330607219804
ccajas_extracciones_tend6	0.000335169158862421	0.00152307830788825	0.000879391461108913
mforex_buy_avg6	0.000334156663501047	0.00495971214837251	0.000791452314998021
mv_mpagospesos_delta1	0.000331564557702841	0.000552575069768151	0.0010552697533307
mtarjeta_visa_consumo_avg6	0.000329677998531585	0.000238186159597623	0.000879391461108913
mv_mconsumospesos_lag1	0.000326966318888013	0.000240259027908248	0.000835421888053467
mv_msaldototal_lag1	0.000326770347103089	0.000667549251736511	0.000791452314998021
Master_mpagospesos_lag1	0.000326568429359055	0.00214496918030273	0.00109923932638614
ccuenta_debitos_automaticos_tend6	0.000324036600004546	0.00144796989473421	0.000615574022776239
mvr_mpagominimo_delta1	0.000323458676725874	0.0012642077777411	0.00101130018027525
mtarjeta_visa_consumo_delta1	0.000321891374443407	0.000759617724938176	0.00109923932638614
ccomisiones_otras_delta1	0.000320748793963589	0.000828117856759466	0.000967330607219804
mvr_mpagado_avg6	0.000318195247461804	0.000503934501061711	0.000879391461108913
cliente_vip_delta1	0.000316682998685918	0.000307026858543007	0.000307787011388119
mv_cconsumos_delta1	0.000313839309104174	0.00163206549797894	0.000747482741942576
mvr_mconsumospesos_tend6	0.000313079620723621	0.000230397428300213	0.000791452314998021
Master_mpagominimo	0.000307666282284785	0.000629052147045304	0.000571604449720793
ctarjeta_master_trx_tend6	0.000307361775445865	0.00108235087227184	0.000659543595831685
Master_mconsumospesos_tend6	0.000306214245485998	0.000592399723839121	0.000923361034164358
ccajas_otras_delta1	0.000304806893950084	0.00165576060981798	0.000351756584443565
tcuentas_avg6	0.000303811749520497	0.00317899469690048	0.000659543595831685
ccheques_depositados_avg6	0.000301939547799267	0.00155760395678697	0.000527634876665348
Master_mpagospesos	0.000300787355814779	0.00232516413647964	0.00206656993360594
mv_mfinanciacion_limite_lag1	0.000299574473643041	0.000240506630029319	0.000923361034164358
mv_mlimitecompra	0.000299394125322216	0.000563293454944577	0.000879391461108913
Master_mfinanciacion_limite_tend6	0.000297585074837096	0.000903331569339532	0.00070351316888713
ctarjeta_debito_trx_lag1	0.000295332024493912	0.0019958706750138	0.0010552697533307
Master_msaldototal_avg6	0.000294327372088946	0.000366368452867569	0.000879391461108913
Master_fultimo_cierre_delta1	0.000292034980597682	0.000301797063188729	0.000791452314998021
mplazo_fijo_dolares_delta1	0.000291955205253614	0.00315824271543967	0.000571604449720793
Visa_mconsumototal_avg6	0.000291528257902348	0.000264353866418758	0.000615574022776239
mv_msaldototal_tend6	0.000291409114183405	0.00204432851152757	0.000835421888053467
ctarjeta_debito	0.000289162156429512	0.000757512650078592	0.000835421888053467
Visa_mpagado_tend6	0.000284518283199764	0.00121434084760659	0.000527634876665348
Master_mfinanciacion_limite_delta1	0.000284052559428921	0.00139580442203112	0.000351756584443565
ccuenta_debitos_automaticos	0.000279085290980622	0.000941544525471135	0.00070351316888713
mautoservicio_delta1	0.000277185598470207	0.00186932657585117	0.000967330607219804
ctarjeta_master_trx_avg6	0.000276430789655715	0.00117820532809043	0.000791452314998021
ccaja_ahorro_delta1	0.000272339904029462	0.00344899453124233	0.000439695730554456
cmobile_app_trx_delta1	0.00027110556148068	0.00103583867677955	0.000967330607219804
mv_mconsumospesos_avg6	0.000270785582048972	0.000499733487952178	0.00109923932638614
Master_msaldopesos_lag1	0.000259893384204479	0.000922746636395708	0.000659543595831685
minversion1_pesos	0.000258447412474932	0.00311689430329706	0.000395726157499011
mforex_sell_tend6	0.00025512979213393	0.00216083855757534	0.000747482741942576
ccaja_seguridad_lag1	0.00025417485872701	0.000178815099706993	8.79391461108913e-05
catm_trx_tend6	0.000252264703808559	0.00154283325682279	0.000835421888053467
mvr_mpagospesos_delta1	0.000248308085316282	0.000907084660161778	0.000835421888053467
ctransferencias_emitidas_lag1	0.000246721691015928	0.00149819338105967	0.00070351316888713
Visa_mconsumototal_tend6	0.000246303076543887	0.000202054523140557	0.000527634876665348
mvr_mpagosdolares_avg6	0.000246222084205666	0.00141551825622232	0.00070351316888713
Master_mconsumospesos	0.000243475060519512	0.000961360004444504	0.000791452314998021
mtransferencias_emitidas_delta1	0.000242783336774018	0.00108153497303155	0.000791452314998021
mv_status04_delta1	0.000240531682361588	0.00226512838823816	0.000483665303609902
ccajas_otras	0.00024021764044409	0.00175676902713089	0.000307787011388119
cplazo_fijo_avg6	0.000239028313972094	0.00127026968981776	0.000263817438332674
mdescubierto_preacordado_lag1	0.000238174384910591	0.000132559871360648	0.000307787011388119
ccuenta_debitos_automaticos_lag1	0.000234935498962659	0.00175791818420756	0.000527634876665348
ctransferencias_emitidas_delta1	0.000234605027421304	0.00073946875971318	0.000439695730554456
mplazo_fijo_dolares_avg6	0.000234539089771366	0.00321322180707943	0.000659543595831685
Visa_msaldodolares_avg6	0.000233675724529402	0.000820723826998228	0.000615574022776239
Master_mpagominimo_lag1	0.000233197499020414	0.000499697169928885	0.000615574022776239
mv_Finiciomora_avg6	0.00023170377453849	0.000337572600285326	0.000263817438332674
Master_msaldototal	0.000229235540329863	0.000674754153678334	0.000571604449720793
mvr_mconsumosdolares_tend6	0.000228593882380031	0.000678364713390295	0.000571604449720793
cpagomiscuentas	0.000227551707426671	0.000557251871824354	0.000439695730554456
matm_tend6	0.000225608574455082	0.00108403292210538	0.000615574022776239
mcuenta_debitos_automaticos_lag1	0.000220949012553834	0.000361476026824012	0.00070351316888713
mv_status01	0.000220519060504808	0.000196782242551483	0.000175878292221783
cpayroll_trx_tend6	0.00021830054914983	0.00125311113692584	0.000615574022776239
cforex_sell_tend6	0.000217050765747974	0.00217400418364213	0.000571604449720793
mvr_msaldodolares_avg6	0.000215437629362915	0.000795969325272171	0.000615574022776239
mv_mconsumospesos	0.000214190035353053	0.000208904696213354	0.000747482741942576
Visa_Finiciomora_tend6	0.000213990593341144	0.00170813942235602	0.000483665303609902
mv_mconsumosdolares_lag1	0.000212064702652707	0.000225471882046735	0.000395726157499011
mv_mconsumosdolares_tend6	0.000211884576969531	0.000484061918278132	0.000527634876665348
Master_mpagosdolares_avg6	0.000211747048226102	0.00170149573666094	0.000571604449720793
Visa_delinquency_avg6	0.000211384646522166	0.000373163577867324	0.000263817438332674
mvr_msaldodolares2_tend6	0.000207056127002902	0.000745651275037001	0.000439695730554456
mv_msaldototal_delta1	0.000206807423807463	0.000688854226495399	0.00070351316888713
Visa_mfinanciacion_limite_tend6	0.000206044272622049	0.000196989872005407	0.000395726157499011
mcaja_ahorro_adicional	0.000205642456536032	0.00291010290489195	0.000439695730554456
ccajas_trx_delta1	0.000205324828284927	0.00060150915205907	0.000307787011388119
catm_trx_other_avg6	0.000204648280425806	0.00075329290691931	0.00070351316888713
cextraccion_autoservicio_lag1	0.000203778096495277	0.00108455348043926	0.000615574022776239
Visa_mconsumototal	0.00020352432069533	0.000254582719246096	0.000483665303609902
mvr_mconsumospesos_lag1	0.000202956971580988	0.000297821952752387	0.000659543595831685
ccajas_otras_tend6	0.000201608829031796	0.00271143783551023	0.000527634876665348
mtarjeta_master_consumo_avg6	0.000199820283371428	0.000358834632978936	0.000527634876665348
ctarjeta_debito_lag1	0.000197378356200639	0.000317359907208136	0.000527634876665348
cforex_sell_avg6	0.000196816039845816	0.000334736825070295	0.000615574022776239
Visa_mpagosdolares_tend6	0.000196020687489167	0.00034750203921989	0.000615574022776239
ccajas_otras_avg6	0.000196009904344206	0.00131377502707963	0.000483665303609902
Master_mpagospesos_delta1	0.000195982538033741	0.00157344249800207	0.000615574022776239
cseguro_accidentes_personales_avg6	0.000193300769179719	0.000485852008520597	0.000483665303609902
ctarjeta_visa_debitos_automaticos	0.000192404319455965	0.000217949254504904	0.000527634876665348
mvr_msaldopesos_delta1	0.000189667362042699	0.000332351027879719	0.000527634876665348
mv_fultimo_cierre_delta1	0.000189242859575935	0.000105998605079545	0.000483665303609902
mv_mpagado_tend6	0.000185833397649185	0.00262524831377731	0.000659543595831685
thomebanking_delta1	0.000185448082473182	0.000256251977826157	0.000351756584443565
cforex_avg6	0.000182378851123589	0.00103102162776547	0.000483665303609902
mextraccion_autoservicio_delta1	0.000181295882699173	0.000353058011538088	0.000571604449720793
ctarjeta_debito_trx_delta1	0.00017984908623826	0.000995118178134	0.000615574022776239
mvr_mconsumototal_tend6	0.000176511181662692	0.000162148553243847	0.000615574022776239
mv_mconsumototal	0.000171941583987853	0.000950593880482742	0.000351756584443565
mcuenta_debitos_automaticos_delta1	0.000171467580938483	0.000467745760794435	0.000439695730554456
Master_mconsumosdolares_avg6	0.000171399813600826	0.000117083139887038	0.000395726157499011
mvr_mconsumosdolares_lag1	0.000169261107455685	0.00020690263662739	0.000439695730554456
ccheques_emitidos_avg6	0.00016712867135655	0.0022598595338777	0.000395726157499011
mv_mlimitecompra_lag1	0.000161269961280107	0.000241320016701951	0.000439695730554456
ctarjeta_visa_trx_delta1	0.000160070072634096	0.000173286994048178	0.000571604449720793
ctarjeta_debito_trx	0.000159901559075593	0.000254404555358241	0.000747482741942576
ccomisiones_mantenimiento_lag1	0.000159249615286545	0.000139456869557818	0.000395726157499011
mextraccion_autoservicio_lag1	0.000158774972635076	0.000151413493754839	0.000615574022776239
mvr_Master_mlimitecompra_tend6	0.000157065211147721	0.000649806641073767	0.00070351316888713
mtarjeta_master_consumo_delta1	0.000155706331917344	0.0023388402706097	0.00070351316888713
mv_mconsumototal_tend6	0.000153223458625408	0.000200392802263444	0.000219847865277228
matm_other_tend6	0.000152636514549975	0.00128334577711014	0.000483665303609902
Master_mpagominimo_delta1	0.000148974949339941	0.000683893275879591	0.000483665303609902
matm_lag1	0.000148718230225237	0.00181719490860372	0.00070351316888713
Visa_mconsumototal_lag1	0.000148085180938639	0.000112478973877422	0.000483665303609902
mvr_mpagado	0.000145292609057996	0.000784495570894286	0.000527634876665348
Master_msaldopesos_delta1	0.000144970290744383	0.000989244023385312	0.000439695730554456
mtarjeta_master_consumo_lag1	0.000142981442722879	0.000403683737102669	0.000483665303609902
mv_msaldodolares_avg6	0.000141603494927949	0.00123041534176548	0.000439695730554456
mv_mconsumospesos_delta1	0.00014061649030223	0.000693120794779054	0.000395726157499011
mextraccion_autoservicio	0.000139729088174652	0.000240718827788059	0.000483665303609902
thomebanking_lag1	0.000139338345891913	6.19078395554016e-05	0.000307787011388119
Master_Finiciomora_avg6	0.00013923562835716	0.00250806718375195	0.000395726157499011
ctarjeta_visa_debitos_automaticos_lag1	0.000137406133907438	0.00039520473494744	0.000307787011388119
cforex_buy_tend6	0.000134293744223284	0.00258240743645104	0.000351756584443565
mvr_msaldodolares2_delta1	0.000133786192120539	0.0027099024282613	0.000439695730554456
mv_msaldopesos_delta1	0.000128194198658749	0.000264876480489801	0.000395726157499011
Master_fechaalta_delta1	0.00012720983365964	8.13818377437147e-05	0.000439695730554456
mtarjeta_visa_descuentos_avg6	0.000125873463795294	0.00271271010840171	0.000483665303609902
mvr_mpagado_tend6	0.000124421215517625	0.000621640757725762	0.000351756584443565
mv_status02_avg6	0.00012289467722613	0.00129541775100378	0.000307787011388119
mv_mconsumosdolares_delta1	0.000122197037254092	0.000168001465375136	0.000351756584443565
tpaquete9	0.000120949916208127	0.000364423725507055	0.000175878292221783
mvr_mconsumosdolares_delta1	0.000120429505899161	0.00102408945362121	0.000527634876665348
mv_mconsumosdolares	0.000119248486462747	0.000372886053349703	0.000307787011388119
mvr_mconsumototal_avg6	0.000117640948407693	0.000139938825715991	0.000395726157499011
mv_mconsumototal_avg6	0.000116134257180749	0.000181567731774358	0.000351756584443565
ctarjeta_master_descuentos_avg6	0.000116016813112724	0.00203021039390648	0.000307787011388119
Visa_mconsumosdolares_delta1	0.000115742771072733	0.000173104718685988	0.000439695730554456
mv_mconsumototal_lag1	0.000114949606778891	0.000127747162236145	0.000307787011388119
mvr_msaldodolares_lag1	0.000114336451521206	0.000422246586895271	0.000483665303609902
ctarjeta_master_trx	0.000113521328526136	0.000214279763660806	0.000263817438332674
mcheques_emitidos_avg6	0.000112881238088249	0.00172729866434245	0.000351756584443565
active_quarter_tend6	0.00011158794926529	0.00120780474548995	0.000307787011388119
mvr_mconsumototal	0.000110951730189562	0.000264006903667922	0.000527634876665348
cseguro_vida_avg6	0.000109693524719219	0.00032717787950517	0.000307787011388119
mv_mfinanciacion_limite_delta1	0.000108830210773805	0.00137775847592854	0.000307787011388119
cforex_buy_avg6	0.000108206473126151	0.00155095730169376	0.000219847865277228
Master_mpagosdolares_tend6	0.000108164091684473	3.0493434652167e-05	0.000175878292221783
cprestamos_hipotecarios_avg6	0.000107722340840484	0.00271595223433019	0.000351756584443565
Master_mlimitecompra_delta1	0.000106316293305847	7.35707217527023e-05	0.000175878292221783
mcheques_depositados_avg6	0.000100750472557556	0.000292812806520762	0.000131908719166337
tpaquete7_tend6	0.000100316782490516	0.00275797744083142	0.000351756584443565
minversion1_pesos_avg6	9.97955197656758e-05	0.0012438144082084	0.000219847865277228
Master_mpagado_avg6	9.9261785663224e-05	0.000435935512278824	0.000263817438332674
tpaquete9_avg6	9.86810029869313e-05	0.00156408112777147	0.000263817438332674
Visa_msaldodolares_delta1	9.77786520955115e-05	0.000450422292098632	0.000351756584443565
Visa_mpagosdolares	9.69002513797356e-05	0.000377309999734296	0.000263817438332674
catm_trx_other_tend6	9.64954501115057e-05	0.000443772896022533	0.000307787011388119
ctarjeta_visa_debitos_automaticos_delta1	9.64449436149062e-05	0.000211527588423922	0.000175878292221783
mtarjeta_master_consumo_tend6	9.58336649003003e-05	0.000265751996107941	0.000219847865277228
Master_mconsumospesos_delta1	9.540803804784e-05	0.000441076225689173	0.000307787011388119
mttarjeta_master_debitos_automaticos_tend6	9.39432175066133e-05	0.00224970670483759	0.000571604449720793
Master_status_avg6	9.27204023125756e-05	0.00245110521940646	0.000395726157499011
Master_cconsumos_lag1	9.04814285076363e-05	0.000209198438213075	0.000307787011388119
cforex_tend6	9.01397808405977e-05	0.000522869439281641	0.000219847865277228
Master_mconsumospesos_lag1	8.89593236260522e-05	0.000536808707769156	0.000351756584443565
ctarjeta_master_debitos_automaticos_avg6	8.82852024852879e-05	0.00100850057026435	0.000263817438332674
mvr_mconsumosdolares	8.78860845941213e-05	7.29092312152291e-05	0.000263817438332674
Visa_mconsumototal_delta1	8.76392999257662e-05	0.000124917782647857	0.000351756584443565
Visa_msaldodolares_tend6	8.75994197242671e-05	0.000181143564672118	0.000219847865277228
cpagomiscuentas_lag1	8.72652276639258e-05	0.000116426902900104	0.000263817438332674
cextraccion_autoservicio	8.65159077374577e-05	3.96437492002254e-05	0.000175878292221783
Visa_mpagado	8.57333332394644e-05	0.000271449357460219	0.000307787011388119
Master_mconsumosdolares_tend6	8.48709945516433e-05	0.000362848574006221	0.000307787011388119
mforex_buy_tend6	8.45373297154444e-05	6.85001318212907e-05	0.000219847865277228
matm_delta1	8.42150775130445e-05	0.000158683722455542	0.000263817438332674
ctransferencias_recibidas_delta1	8.41954621974267e-05	0.000352800815976901	0.000307787011388119
ccaja_ahorro_lag1	8.37149282615521e-05	0.000377870073904836	0.000263817438332674
mforex_sell_delta1	8.34388715765386e-05	0.000194225362345518	0.000175878292221783
mv_mpagado	8.31723564145646e-05	0.00121915150099392	0.000571604449720793
Visa_mlimitecompra_delta1	8.30202697405809e-05	0.000177793855165196	0.000175878292221783
catm_trx	8.27109818973702e-05	0.00101219564361542	0.000351756584443565
ccallcenter_trx_lag1	8.16499571601806e-05	0.000582370010613828	0.000395726157499011
matm	8.07001931386997e-05	0.000327741608319564	0.000395726157499011
mv_mlimitecompra_tend6	7.98670420986297e-05	0.000378987938093508	0.000175878292221783
mvr_mconsumototal_lag1	7.94253427350571e-05	0.000338043364096698	0.000307787011388119
mv_mpagosdolares_avg6	7.94080024243705e-05	0.000232977150030262	0.000219847865277228
mttarjeta_master_debitos_automaticos_lag1	7.80800373909878e-05	0.00044905431322124	0.000219847865277228
ccuenta_debitos_automaticos_delta1	7.77636518666954e-05	0.00113005037018601	0.000219847865277228
mttarjeta_master_debitos_automaticos	7.71615183405113e-05	0.000885723495253643	0.000263817438332674
ccaja_seguridad_avg6	7.39003784589408e-05	0.000346546806682697	0.000131908719166337
mvr_mpagosdolares_tend6	7.25198536032287e-05	0.000878724167028576	0.000219847865277228
Visa_delinquency	7.25073525097511e-05	7.90979137505535e-06	4.39695730554456e-05
Master_mconsumototal_avg6	7.07575109751669e-05	9.72708587270408e-05	0.000219847865277228
mpagomiscuentas_delta1	6.9688540334325e-05	0.000270779187143593	0.000307787011388119
mvr_mpagado_lag1	6.8662552155967e-05	0.000239089541875146	8.79391461108913e-05
mcaja_ahorro_adicional_lag1	6.85132382857127e-05	0.00113338294854987	0.000175878292221783
mplazo_fijo_dolares_lag1	6.81423369154113e-05	0.000639233756405756	0.000219847865277228
tcallcenter	6.77550337107683e-05	0.000152439763431934	0.000219847865277228
Visa_Finiciomora_avg6	6.7585841852353e-05	0.00101002569882744	0.000263817438332674
Master_mconsumototal_tend6	6.69642978294808e-05	0.000126556662000886	0.000219847865277228
Master_msaldototal_delta1	6.54461179379085e-05	0.000309020695180301	0.000131908719166337
cprestamos_personales_lag1	6.5331993225004e-05	3.94404596358777e-05	0.000131908719166337
cseguro_vida_tend6	6.51637549910607e-05	0.000815973018403993	0.000175878292221783
ctarjeta_visa_descuentos_tend6	6.47020242897431e-05	0.00037425814370143	0.000175878292221783
Master_Fvencimiento_delta1	6.41226611417518e-05	6.08429677026046e-05	0.000307787011388119
ccajas_trx_lag1	6.27581674222831e-05	0.000130650548362465	0.000219847865277228
cliente_vip_lag1	6.2713209151811e-05	0.000172931808348672	0.000131908719166337
Master_mconsumototal	6.11744487013174e-05	0.000391679830950794	0.000219847865277228
mv_status05_avg6	6.11679321047137e-05	6.13909358653802e-05	0.000175878292221783
cseguro_accidentes_personales	6.02583526547153e-05	0.000137196700749704	0.000175878292221783
active_quarter_avg6	6.02489187958058e-05	0.000371254483284381	0.000175878292221783
mv_status01_tend6	5.89766209821711e-05	0.000614548236082432	0.000131908719166337
Master_mpagado_tend6	5.87477382369628e-05	0.000164054221598177	0.000131908719166337
matm_other_lag1	5.78955963062279e-05	9.43868878961924e-05	0.000131908719166337
tpaquete7	5.77259971784731e-05	0.000299334746892472	4.39695730554456e-05
ccajas_depositos_tend6	5.55712152131233e-05	0.000334499501635062	0.000175878292221783
mvr_mpagosdolares_lag1	5.48185615382399e-05	0.000149430164218623	0.000175878292221783
ctarjeta_master_trx_lag1	5.46290655486425e-05	0.000249959137941009	0.000219847865277228
mcaja_ahorro_adicional_avg6	5.2558676411251e-05	0.000989702452773678	0.000175878292221783
Master_cconsumos_delta1	5.2266006701923e-05	5.21389765351479e-05	0.000131908719166337
mv_status05_delta1	5.14551902549158e-05	7.06908623961891e-05	0.000175878292221783
tcallcenter_delta1	5.12316373289034e-05	4.22792042490397e-05	8.79391461108913e-05
Visa_status_tend6	5.09623642211331e-05	4.19977966723246e-05	0.000131908719166337
Master_mconsumototal_lag1	5.05686512803906e-05	0.000334783421779426	0.000175878292221783
mv_msaldodolares_lag1	5.04168654215137e-05	0.000166962176029313	0.000175878292221783
mv_Fvencimiento_delta1	5.02305422971028e-05	9.15940547464393e-05	0.000131908719166337
mvr_Master_mlimitecompra_delta1	4.92287080831295e-05	5.18911459988362e-05	8.79391461108913e-05
mvr_msaldodolares	4.881414760498e-05	0.000233443345536817	0.000131908719166337
cpayroll_trx_lag1	4.85835205616391e-05	7.78187884018484e-05	0.000175878292221783
mv_status05_tend6	4.85446423420047e-05	0.000361111247684391	8.79391461108913e-05
Master_cconsumos	4.85374492451337e-05	5.1649939504509e-05	0.000131908719166337
ctarjeta_debito_delta1	4.84066910761029e-05	0.00168967387745601	0.000219847865277228
mv_status04_avg6	4.76775194358926e-05	3.6462610141044e-05	8.79391461108913e-05
Visa_mpagado_lag1	4.71644171116041e-05	0.000216658023148434	0.000219847865277228
mv_status02_tend6	4.62364540744473e-05	2.46989968225327e-05	8.79391461108913e-05
cseguro_vivienda_avg6	4.61780753979828e-05	0.000120543630785767	8.79391461108913e-05
catm_trx_other	4.54183094162398e-05	0.000372579748511736	8.79391461108913e-05
mcheques_emitidos_rechazados_lag1	4.3729876183545e-05	2.3199222351176e-05	4.39695730554456e-05
mv_fechaalta_delta1	4.22201676738548e-05	3.10948519812992e-05	0.000175878292221783
mcheques_emitidos_delta1	4.20040566766407e-05	2.05393268715918e-05	4.39695730554456e-05
matm_other_delta1	4.12317180976169e-05	0.000425129415649915	0.000131908719166337
Master_msaldodolares_lag1	4.01393842130184e-05	6.609400567428e-05	8.79391461108913e-05
cpagomiscuentas_delta1	3.86385449223267e-05	0.000661968382157063	0.000175878292221783
mv_mpagosdolares_tend6	3.86358336977653e-05	0.000269646247549026	0.000131908719166337
catm_trx_lag1	3.83070871856614e-05	0.000570299407211628	0.000219847865277228
Visa_msaldodolares_lag1	3.74810718258188e-05	0.000428586937150513	0.000219847865277228
mv_status03_tend6	3.74540960311867e-05	0.000554864247311851	8.79391461108913e-05
tcuentas_tend6	3.71081355588665e-05	0.000337501791560666	8.79391461108913e-05
Visa_mpagado_delta1	3.68515548404627e-05	0.000103552277850146	0.000131908719166337
Master_madelantopesos_avg6	3.66588855213685e-05	8.95387744093592e-06	4.39695730554456e-05
mv_status06_delta1	3.62765463284283e-05	5.70718320763329e-05	4.39695730554456e-05
mvr_mpagado_delta1	3.54472734265477e-05	0.000263886985666481	0.000175878292221783
cseguro_vida_lag1	3.52908306503366e-05	0.000628575672852911	0.000131908719166337
Visa_mpagosdolares_lag1	3.46603765106974e-05	4.24742708647172e-05	8.79391461108913e-05
Visa_mpagosdolares_delta1	3.42771625569448e-05	4.11684209328338e-05	8.79391461108913e-05
Master_msaldodolares_tend6	3.32108774149656e-05	0.000302060425961418	8.79391461108913e-05
ctarjeta_master_avg6	3.2773015983203e-05	9.2327724500018e-06	4.39695730554456e-05
mv_status03_delta1	3.27298782959453e-05	0.000849186421744085	0.000131908719166337
mforex_sell	3.24500764853188e-05	0.000245010978578688	0.000131908719166337
Master_delinquency_tend6	3.2219435396588e-05	0.000118802878235324	8.79391461108913e-05
mv_status04_tend6	3.20114735498315e-05	0.000477676341805203	0.000131908719166337
Master_mconsumosdolares_lag1	3.20072083944056e-05	1.69404163369136e-05	4.39695730554456e-05
mv_status07_avg6	3.17537209119529e-05	3.38360632866225e-05	4.39695730554456e-05
cextraccion_autoservicio_delta1	3.15816149722948e-05	4.72842390063302e-05	0.000175878292221783
mv_mlimitecompra_delta1	3.10705726481983e-05	0.000191802105055444	8.79391461108913e-05
cseguro_auto_avg6	2.95827465853664e-05	0.000565830006194107	8.79391461108913e-05
mv_mconsumototal_delta1	2.91341619046858e-05	7.81737456861141e-05	0.000131908719166337
matm_other	2.87503137609521e-05	0.000300121408981926	0.000175878292221783
Master_msaldodolares_avg6	2.87214303452412e-05	4.96903651533409e-05	8.79391461108913e-05
cseguro_accidentes_personales_lag1	2.8517163480727e-05	3.53748967641629e-05	4.39695730554456e-05
mcajeros_propios_descuentos_avg6	2.82734413748166e-05	0.00100115016781411	0.000131908719166337
Master_status_lag1	2.81624293989003e-05	0.000665067063314301	8.79391461108913e-05
catm_trx_delta1	2.77046540418875e-05	0.000106199610491484	8.79391461108913e-05
ctarjeta_master_debitos_automaticos_tend6	2.74198962980228e-05	9.47845588304952e-05	8.79391461108913e-05
Master_mconsumototal_delta1	2.65330536644895e-05	1.83954214210657e-05	8.79391461108913e-05
mvr_mconsumototal_delta1	2.57739554771935e-05	0.000407206356946907	0.000175878292221783
cforex	2.55859365750878e-05	1.24079727129215e-05	4.39695730554456e-05
mvr_msaldodolares2	2.51000270542687e-05	0.00105055775489929	0.000175878292221783
mv_status07	2.42620543301489e-05	5.35268275384929e-05	8.79391461108913e-05
Master_msaldodolares	2.40067681182366e-05	0.00100779065569581	0.000131908719166337
cplazo_fijo_lag1	2.39792776917944e-05	0.000314193386724368	4.39695730554456e-05
Master_madelantopesos_tend6	2.39737542551576e-05	7.23665166029928e-06	4.39695730554456e-05
mv_status01_delta1	2.37799399465923e-05	9.17589705503259e-06	4.39695730554456e-05
ctarjeta_master_descuentos_tend6	2.36661885392574e-05	0.000575422989478914	8.79391461108913e-05
mcheques_emitidos_lag1	2.34427781565408e-05	1.60740373284067e-05	4.39695730554456e-05
Visa_status_avg6	2.34197817905565e-05	2.51220218485688e-05	4.39695730554456e-05
mv_status03_avg6	2.27898074028773e-05	0.000279925390217317	0.000307787011388119
ctarjeta_visa	2.2628587587549e-05	5.70668069410344e-05	8.79391461108913e-05
ccheques_depositados_tend6	2.23331208505469e-05	1.30212676345774e-05	4.39695730554456e-05
Visa_Fvencimiento_delta1	2.23032731201533e-05	1.43636640049953e-05	4.39695730554456e-05
cforex_sell_lag1	2.1450073954615e-05	2.88746558403324e-05	8.79391461108913e-05
mvr_msaldodolares2_lag1	2.09693988081831e-05	0.000267767075362634	0.000175878292221783
ccheques_depositados_delta1	2.0810406503511e-05	0.00104101502296747	0.000131908719166337
Master_msaldodolares_delta1	2.07125382266797e-05	4.38509295212611e-05	4.39695730554456e-05
Master_mconsumosdolares_delta1	2.04537891786615e-05	6.41741755750181e-05	4.39695730554456e-05
Master_Finiciomora_lag1	1.93089129994516e-05	2.60582959207728e-05	4.39695730554456e-05
mttarjeta_master_debitos_automaticos_delta1	1.91220545251379e-05	0.000377195792113876	8.79391461108913e-05
mv_mpagado_delta1	1.90668196944593e-05	4.3463765688037e-05	4.39695730554456e-05
mtarjeta_visa_descuentos_delta1	1.89980943248193e-05	2.0887888529114e-05	4.39695730554456e-05
cseguro_vivienda_lag1	1.86836707441641e-05	4.07067937310957e-05	4.39695730554456e-05
Master_cadelantosefectivo_avg6	1.85922907410016e-05	8.75744033381334e-06	4.39695730554456e-05
minversion2_avg6	1.84485996698119e-05	0.000639186931281383	8.79391461108913e-05
Master_mconsumosdolares	1.8387944015097e-05	1.86558147956235e-05	4.39695730554456e-05
tcuentas_lag1	1.82726223099555e-05	0.000524735591799306	8.79391461108913e-05
Master_mpagosdolares	1.82152799743261e-05	1.06637939338657e-05	4.39695730554456e-05
mv_status04	1.74730906227586e-05	2.61868937013658e-05	8.79391461108913e-05
mv_status04_lag1	1.72821200558476e-05	8.65442506019441e-06	4.39695730554456e-05
ccajas_consultas_lag1	1.71734862778512e-05	5.54267855118017e-05	4.39695730554456e-05
mv_msaldodolares_tend6	1.69424547040656e-05	9.5918412086026e-06	4.39695730554456e-05
Visa_mlimitecompra_tend6	1.66896878313692e-05	3.65784166681499e-05	4.39695730554456e-05
ccajas_consultas_delta1	1.64995123815256e-05	0.000278695602560633	8.79391461108913e-05
Visa_msaldodolares	1.64594028941148e-05	4.38662333423974e-05	8.79391461108913e-05
minversion2	1.62267763886791e-05	0.000654761881308554	8.79391461108913e-05
active_quarter	1.58927658733799e-05	9.87644659868949e-06	4.39695730554456e-05
cinversion1_avg6	1.52880686572673e-05	0.000189017723269602	8.79391461108913e-05
Master_cadelantosefectivo_tend6	1.5153516840032e-05	7.58041659776378e-06	4.39695730554456e-05
mttarjeta_master_debitos_automaticos_avg6	1.39434644799558e-05	8.11239569368061e-05	4.39695730554456e-05
mpayroll_sobre_edad_lag1	1.39198907785854e-05	0.000261712929404164	0.000439695730554456
mpagodeservicios_avg6	1.3766447993402e-05	0.000340392158018258	4.39695730554456e-05
catm_trx_other_delta1	1.36326922363645e-05	2.78068145894045e-05	8.79391461108913e-05
active_quarter_lag1	1.34858642840452e-05	2.02172613820071e-05	4.39695730554456e-05
mv_status03	1.28897770080196e-05	1.8735074884195e-05	4.39695730554456e-05
mprestamos_hipotecarios_tend6	1.2472466419312e-05	1.16788712641595e-05	8.79391461108913e-05
mvr_mpagosdolares_delta1	1.23017923041354e-05	0.000454831848323052	0.000263817438332674
cseguro_accidentes_personales_tend6	1.1957664573826e-05	0.000290383382019185	4.39695730554456e-05
ccajas_trx	1.18478895208419e-05	3.98374453244579e-05	4.39695730554456e-05
ctarjeta_master_trx_delta1	1.16533007425129e-05	0.000347084039329153	8.79391461108913e-05
ccajas_extracciones_delta1	1.14080120532792e-05	0.000264662455409134	4.39695730554456e-05
mv_mpagado_lag1	1.08371158224682e-05	1.94815358912608e-05	8.79391461108913e-05
ccajas_otras_lag1	1.03708196729671e-05	0.000263305212048061	4.39695730554456e-05
mforex_sell_lag1	1.02348379682951e-05	0.000254424655899435	8.79391461108913e-05
ccajas_extracciones	1.01275683778123e-05	6.4901906532335e-06	4.39695730554456e-05
Master_mpagado_delta1	9.86652749361045e-06	0.000271570874368345	4.39695730554456e-05
ccheques_emitidos	9.22602056928525e-06	0.000300763712639168	4.39695730554456e-05
mprestamos_prendarios_avg6	9.09567192203602e-06	0.000343659409623236	4.39695730554456e-05
mprestamos_prendarios_lag1	8.89604258989654e-06	0.000256494554811929	4.39695730554456e-05
cliente_vip_avg6	8.6304718933352e-06	0.000325240918262845	4.39695730554456e-05
catm_trx_other_lag1	8.42555313700551e-06	7.66264608446625e-06	4.39695730554456e-05
mvr_msaldodolares_tend6	7.65371354657538e-06	5.63404464751625e-05	8.79391461108913e-05
ctarjeta_visa_avg6	7.27956818453668e-06	0.000347005007655822	4.39695730554456e-05
mcheques_depositados_tend6	7.13328997574271e-06	8.99270803187875e-05	4.39695730554456e-05
mv_status06_avg6	6.34215100390938e-06	1.00306268862566e-05	4.39695730554456e-05
Master_cadelantosefectivo_delta1	6.28670630492538e-06	5.64756682977399e-06	4.39695730554456e-05
mvr_msaldodolares_delta1	6.28061037355308e-06	1.62670482069167e-05	4.39695730554456e-05
mprestamos_prendarios_tend6	6.19810984267057e-06	0.000340380052010493	4.39695730554456e-05
mcheques_depositados_delta1	5.58033648463761e-06	0.00033233229782997	4.39695730554456e-05
cpagodeservicios_lag1	5.42924291258199e-06	0.000347005007655822	4.39695730554456e-05
mv_mpagosdolares_delta1	5.05999820182336e-06	4.88877139970284e-05	8.79391461108913e-05
ctarjeta_master_debitos_automaticos_lag1	5.00295023899378e-06	6.36364860980803e-06	4.39695730554456e-05
ccheques_emitidos_delta1	4.97541013133769e-06	2.77316659751681e-05	4.39695730554456e-05
mvr_mpagosdolares	4.32905382446787e-06	5.94852675110504e-05	4.39695730554456e-05
mv_mpagosdolares_lag1	3.41862979383374e-06	1.25125868932263e-05	4.39695730554456e-05
cpayroll_trx_delta1	2.92344250946116e-06	1.21946328779767e-05	4.39695730554456e-05
mtarjeta_visa_descuentos_tend6	4.72168297765529e-07	9.7690914354946e-05	8.79391461108913e-05
Master_cadelantosefectivo	4.40723762546289e-07	1.18979214801253e-05	8.79391461108913e-05
mtarjeta_visa_descuentos	7.57011910036702e-08	3.78040928504985e-05	4.39695730554456e-05
mv_status06	7.30681229430642e-08	1.2976041416891e-05	4.39695730554456e-05
Master_status_tend6	4.15096444714393e-08	1.17674963776055e-05	4.39695730554456e-05
mv_status02_delta1	1.60850885426977e-10	0.000113471438098873	8.79391461108913e-05
Visa_fechaalta_delta1	1.97231019866013e-11	4.65494271765473e-05	0.000263817438332674
Master_madelantopesos	6.31799758364721e-15	6.78004959385971e-06	4.39695730554456e-05
