Feature	Gain	Cover	Frequency
ctrx_quarter_normalizado	0.124774601474401	0.00953710447099913	0.00462616146880627
ctrx_quarter	0.0853221146281357	0.00514876491576835	0.00383761121844156
mtarjeta_visa_consumo	0.0489897090563971	0.00978480326406512	0.0062689744903994
mcuentas_saldo	0.0474312829431367	0.0127674010335346	0.0131293616685723
mcaja_ahorro	0.0416111320359461	0.00664373172087396	0.00666324961558175
mcaja_ahorro_lag1	0.0233100608034581	0.00365824424108561	0.00604555191946274
Visa_status_mean6	0.0214385822334873	0.00369299478314567	0.00101197282130137
cpayroll_trx	0.0214240428086956	0.00865899894695312	0.00285192340548568
mdescubierto_preacordado	0.0205572186998281	0.00122624762595075	0.0011959678797198
mprestamos_personales	0.0165761352416165	0.0121046215113645	0.00576955933183509
mpasivos_margen	0.0164692090107612	0.00578402278366792	0.00484958403974293
foto_mes	0.016027881958366	0.0269117753195398	0.0181366557583882
mcuenta_corriente	0.0155061007586254	0.00415875163183255	0.00738608734508273
ctarjeta_visa_trx	0.0141231683187119	0.00569545136569801	0.00611126444032646
mdescubierto_preacordado_delta1	0.0118863732809965	0.00623996021956812	0.00173481055080235
mpayroll_sobre_edad	0.0104529967181963	0.00820452212621086	0.00331191105153176
mv_status07	0.0100166366458688	0.000149129537622519	0.000183995058418431
mpayroll	0.00991683136588362	0.00945819628055241	0.00378504120175058
mv_status04	0.00898139501512565	0.000920668894378956	0.000407417629355097
mprestamos_personales_mean6	0.0087832668306889	0.00421212687044168	0.00315420100145882
cproductos_delta1	0.00846608072880059	0.00479449095778348	0.00139310544231098
ctrx_quarter_mean6	0.00717577085137004	0.00221590043882553	0.00270735585958549
cprestamos_personales_mean6	0.00709455737605354	0.00308076801683581	0.0025365033053398
mdescubierto_preacordado_mean6	0.00616799682818117	0.00335553937495089	0.00260221582620353
Visa_Finiciomora_mean6	0.00558063040400242	0.00205412051733786	0.00111711285468333
mactivos_margen_mean6	0.00511162567603956	0.00312012811795676	0.00540156921499823
mactivos_margen	0.00500859521624158	0.00604436618853497	0.00759636741184665
Visa_Finiciomora	0.00492263390385367	0.00616771774454058	0.00131425041727451
mv_status01	0.00474472248197967	0.000906568534062212	0.000565127679428038
mcaja_ahorro_dolares_delta1	0.00468283062485589	0.0085270377348865	0.00456044894794254
mv_status01_mean6	0.00447083974195925	0.0014556566719512	0.00113025535885608
ccaja_ahorro	0.0042266425844235	0.00794928897866969	0.0027993533887947
mv_Finiciomora	0.0041176215924822	0.00610382789895565	0.00159024300490215
mv_status02_mean6	0.00407456875688574	0.00146481365550077	0.00106454283799235
mprestamos_personales_delta1	0.00403965384457676	0.0124521871425159	0.00459987646046078
mv_msaldototal	0.00377630761448979	0.000829888077408169	0.00148510297152019
mcuenta_corriente_mean6	0.00374463021606606	0.00642021114225138	0.01005401569215
mprestamos_personales_lag1	0.00365188075907931	0.00143613996514546	0.00116968287137431
cproductos	0.00337434505076925	0.00638087594023041	0.00599298190277175
mcaja_ahorro_mean6	0.0033689799458315	0.00428154363715505	0.00617697696119019
ctrx_quarter_normalizado_delta1	0.00328027456137608	0.00323915894446122	0.00491529656060666
mcomisiones_mantenimiento	0.00327583005637832	0.00668646395237583	0.00524385916492529
mrentabilidad_annual_delta1	0.00324692538936203	0.00545987158706813	0.0088054777957392
ccomisiones_mantenimiento_delta1	0.00322039490199238	0.00312078811387273	0.00166909802993862
mrentabilidad_mean6	0.00318232466529551	0.00248522415681005	0.00458673395628803
cprestamos_personales	0.00315076539577155	0.00180573886645502	0.0011959678797198
ctrx_quarter_delta1	0.00313918809207278	0.00337647725447666	0.00591412687773528
mautoservicio	0.00313606677120395	0.00347672052168264	0.00193194811339353
mpasivos_margen_mean6	0.00310348257046855	0.00192725801846895	0.00419245883110568
Master_status_mean6	0.00305938204371063	0.000447602179238721	0.000341705108491372
mv_status07_delta1	0.00300869163817851	0.000702773135618816	0.000223422570936666
cliente_edad_mean6	0.00296954415321559	0.00672434804616794	0.00969916807948587
thomebanking_mean6	0.00280633346100329	0.00214595484918197	0.00396903626016901
mv_msaldopesos	0.00277484149205043	0.00182246919420679	0.00211594317181196
cliente_edad	0.00275207866120358	0.00597314933007101	0.00908147038336685
mrentabilidad_annual_mean6	0.00272156123622774	0.00470388528334548	0.00688667218651842
cliente_edad_lag1	0.00270838449551447	0.00546830751531793	0.00863462524149352
mv_status04_delta1	0.00268890169886965	0.00212037911616352	0.000617697696119019
mtransferencias_recibidas	0.00266772489251104	0.00559790223769836	0.00417931632693293
mv_status05_delta1	0.0026520455896921	0.00119640401742972	0.000433702637700588
mv_status02	0.002585438865413	0.000435707652824449	0.000236565075109411
ccomisiones_mantenimiento_mean6	0.00258443768329762	0.00617119518679663	0.00490215405643391
mv_Finiciomora_mean6	0.00251541468942068	0.00221858490133619	0.00126168040058353
mcuentas_saldo_delta1	0.00244358045240826	0.00829444301881064	0.0064135420362996
mcaja_ahorro_delta1	0.00230346715193571	0.00729639813405534	0.00488901155226117
mcuenta_corriente_lag1	0.00229837177970153	0.00217530919038847	0.00445530891456058
sb_call_hombk	0.00228751072281183	0.0028010355130504	0.00182680808001157
ctarjeta_master_mean6	0.00224968456784781	2.39639124170152e-05	7.88550250364705e-05
mcuenta_corriente_delta1	0.00213735427257068	0.00410052893458001	0.00429759886448764
mcomisiones_mantenimiento_mean6	0.00208072190730628	0.00185379859993006	0.00390332373930529
mcomisiones_mean6	0.00201457709900295	0.00168404406260852	0.00374561368923235
mcuenta_debitos_automaticos	0.00197673029054706	0.00728434091465826	0.00358790363915941
chomebanking_trx_delta1	0.00196012122269676	0.00664823947656926	0.00429759886448764
numero_de_cliente	0.00193591074137627	0.00361442369255931	0.00678153215313646
Visa_cconsumos_mean6	0.00192899370442306	0.0031092709785897	0.00445530891456058
mtarjeta_visa_debitos_automaticos_mean6	0.00192399731251033	0.00307066650856417	0.00479701402305195
mcuentas_saldo_lag1	0.00190771667839092	0.00617710753467494	0.00566441929845313
mtransferencias_emitidas_mean6	0.00189255752967574	0.00376833668682051	0.00603240941528999
ctransferencias_recibidas_mean6	0.00187884051383581	0.00339713105790724	0.00587469936521705
mcuentas_saldo_mean6	0.00185801178947201	0.00205399262650616	0.00433702637700587
mv_status06_delta1	0.00183863781898664	0.000793559498298233	0.000315420100145882
ccomisiones_mantenimiento	0.00182798832282751	0.00416550443751279	0.00180052307166608
thomebanking	0.0017521693427252	0.00215622408684527	0.00180052307166608
mv_mpagospesos	0.0017366985679813	0.00101906753439872	0.00164281302159313
sb_call_hombk_mean6	0.00173405922665731	0.00735033405512485	0.00446845141873333
cpayroll_trx_mean6	0.00170082384962402	0.000976914603093348	0.00122225288806529
Visa_mpagospesos_mean6	0.00165910743273286	0.00383807312402427	0.00457359145211529
mrentabilidad_annual_lag1	0.0016559502384046	0.00208430179160789	0.00502043659398862
mrentabilidad	0.0016559193376236	0.00242950257415016	0.00495472407312489
chomebanking_trx_mean6	0.00165488485611954	0.00214488696073729	0.00482329903139744
Visa_msaldopesos	0.00164473100701365	0.00273707244147599	0.00318048600980431
mcomisiones_otras_mean6	0.00160531569849514	0.00271498829792948	0.00395589375599627
mrentabilidad_annual	0.00160500303809631	0.00204921499852043	0.00394275125182352
ctarjeta_visa_debitos_automaticos_mean6	0.00159734712300488	0.00602538537826736	0.00446845141873333
Visa_msaldototal	0.00159637375882823	0.00154802226004663	0.00218165569267568
Visa_status	0.00158433581135917	0.000136046475306411	0.000183995058418431
cproductos_mean6	0.00152632339563584	0.00295557336154329	0.00505986410650685
Visa_fechaalta_mean6	0.00151312833771566	0.00239620257443033	0.00408731879772372
Master_status	0.00151049680525364	0.000200644360752496	0.000183995058418431
ccaja_ahorro_mean6	0.0015025455236023	0.00240140478865953	0.00214222818015745
ctransferencias_emitidas_mean6	0.00149725080007854	0.00160226709972245	0.00349590610995019
mv_mpagominimo	0.00148155081194143	0.00334408216727439	0.00295706343886764
mvr_mpagospesos	0.00148096321232081	0.00134813290791206	0.00164281302159313
Master_fultimo_cierre_mean6	0.00147379011953018	0.00215943261882157	0.0046655889813245
mcomisiones	0.00142702922025539	0.00244638467323406	0.00370618617671411
mpayroll_sobre_edad_mean6	0.0014202601911592	0.00264988552664251	0.00241822076778509
chomebanking_trx	0.00140464249460805	0.00470886368861921	0.00411360380606921
mactivos_margen_lag1	0.0013880166735113	0.00295875942774075	0.00474444400636097
mcaja_ahorro_dolares_mean6	0.00138469343007711	0.00200105849808865	0.00360104614333215
mv_fultimo_cierre_mean6	0.00137756642748391	0.00225808726686019	0.00461301896463352
Master_fechaalta	0.00137615700257624	0.00655353733429648	0.00537528420665274
mactivos_margen_delta1	0.00137451734459835	0.00270773202112994	0.00400846377268725
mtarjeta_visa_consumo_mean6	0.00136947229486251	0.000562254216067974	0.0011959678797198
tmobile_app	0.00135769429519169	0.0013079551543012	0.00244450577613058
Visa_fultimo_cierre_mean6	0.00135076833257775	0.00301685032953	0.00461301896463352
mcomisiones_otras	0.00134319674972128	0.00241517710333408	0.00328562604318627
Visa_delinquency_lag1	0.0013387531703382	0.00203772655379123	0.000841120267055685
mpagomiscuentas	0.00130561363797466	0.00488430631215267	0.00236565075109411
cplazo_fijo	0.00129948110920477	0.00647451726766646	0.00123539539223804
ccomisiones_otras_mean6	0.00129181833325467	0.00667189198046998	0.00475758651053372
Visa_Fvencimiento	0.00127922171245284	0.00221853606514692	0.00428445636031489
Visa_mpagominimo	0.00124700658148759	0.00197144730003036	0.00382446871426882
Visa_mfinanciacion_limite	0.00124353639091719	0.00216205986999115	0.0036141886475049
mvr_mpagominimo	0.00122087204716774	0.0044184178377691	0.00365361616002313
mv_msaldopesos_mean6	0.00121837601180403	0.000733130910554365	0.00132739292144725
mtransferencias_recibidas_mean6	0.00121328822789189	0.00230474693526132	0.00419245883110568
mv_Fvencimiento	0.00119820396002063	0.00175054073078328	0.00435016888117862
ccaja_seguridad	0.0011964635052688	0.00529127140597482	0.00132739292144725
mv_fechaalta_mean6	0.00113596485427983	0.00263449041312698	0.00365361616002313
Master_fechaalta_mean6	0.00113360590806155	0.00283191973418386	0.00435016888117862
Visa_fechaalta_lag1	0.00113319480869727	0.00297860531196595	0.00340390858074098
mvr_msaldopesos2	0.00113229954650358	0.00163951739824243	0.0032067710181498
mrentabilidad_delta1	0.00112630490308389	0.00240457121852133	0.00408731879772372
Master_Fvencimiento	0.00111583700816094	0.0018318860904068	0.00458673395628803
mpayroll_sobre_edad_lag1	0.00111502261477194	0.000950282242814068	0.00114339786302882
Visa_fechaalta	0.00108812930118819	0.00232292186352264	0.00381132621009607
mv_mpagominimo_mean6	0.00108524771803477	0.00220118761723823	0.00329876854735901
mpayroll_mean6	0.0010845799512988	0.0027661054145262	0.00243136327195784
ccallcenter_trx	0.00107723996674739	0.00487571923504824	0.00157710050072941
mv_fechaalta_lag1	0.00105234854337019	0.00204398658364739	0.00339076607656823
cpayroll_trx_lag1	0.00104863243580679	0.000895233614919915	0.000604555191946273
cliente_antiguedad	0.00104736853322236	0.00177817403488161	0.00367990116836862
mvr_mpagominimo_mean6	0.00104708249825744	0.00226712943160555	0.00366675866419588
mvr_msaldototal	0.0010460278714273	0.00109468683668285	0.00155081549238392
Visa_Fvencimiento_lag1	0.00103226273089047	0.00151292771428486	0.00367990116836862
Master_Fvencimiento_lag1	0.00102890065846646	0.00155008413188015	0.00406103378937823
mpasivos_margen_lag1	0.00102188266760694	0.00219989110978467	0.00377189869757784
mrentabilidad_lag1	0.00102010281890662	0.00136847530282635	0.00370618617671411
cliente_antiguedad_mean6	0.00101614287729984	0.00192157542137679	0.0038770387309598
Master_Fvencimiento_mean6	0.00101297245559015	0.00140926636654072	0.00406103378937823
Visa_mpagominimo_mean6	0.00100280537401746	0.00227724627545922	0.00312791599311333
cliente_antiguedad_lag1	0.000998526629482309	0.00160207288674264	0.00374561368923235
Visa_delinquency_mean6	0.000994688289503973	0.00143482614149965	0.000788550250364705
mcomisiones_mantenimiento_lag1	0.000967630618910122	0.00511422324320378	0.00272049836375823
cprestamos_personales_delta1	0.000965430379349621	0.000975762284064204	0.000328562604318627
tcallcenter	0.0009443040744494	0.000589140264222696	0.000486272654391568
ccajas_trx_mean6	0.000944237231114364	0.00366207066686338	0.00424502884779666
ccallcenter_trx_mean6	0.00092927717563444	0.00244680880676662	0.00319362851397705
mpasivos_margen_delta1	0.000928600416395299	0.00141666309689968	0.00352219111829568
cmobile_app_trx_mean6	0.000927504947598862	0.00162533130579736	0.00377189869757784
Visa_mfinanciacion_limite_mean6	0.000925104319613058	0.00138286387022532	0.00249707579282156
Visa_mconsumospesos	0.000910564886933629	0.00112037914276028	0.00286506590965843
mv_fechaalta	0.000892445737640291	0.00131731568799308	0.0032067710181498
internet	0.000888144277737479	0.00133352675633262	0.00205023065094823
ctrx_quarter_normalizado_mean6	0.000887730082157259	0.00126084888658867	0.00205023065094823
mv_cconsumos_mean6	0.000881465636367123	0.0017342038654	0.00282563839714019
ccajas_extracciones_mean6	0.000880687419129224	0.0037335002994544	0.00266792834706725
internet_mean6	0.000866361266796005	0.00177520566604236	0.00236565075109411
Visa_Fvencimiento_mean6	0.000860715634378014	0.00113276542639909	0.00324619853066803
tpaquete7_mean6	0.000857652577291963	0.00444159737194799	0.00077540774619196
Visa_mlimitecompra_mean6	0.000850978209422144	0.00137596082111227	0.00240507826361235
ctarjeta_visa_trx_mean6	0.000850427767677565	0.00205551560259177	0.0025365033053398
mcaja_ahorro_dolares	0.000849094461873757	0.00333454937708176	0.00295706343886764
ctarjeta_debito_mean6	0.000844387570375361	0.00173021089859671	0.00316734350563156
Visa_mlimitecompra	0.000844234042274505	0.0011560829242274	0.00245764828030333
Master_fechaalta_lag1	0.000843575928069629	0.00129152746379187	0.00382446871426882
Visa_mpagominimo_lag1	0.000836347798127044	0.000901226658517689	0.00237879325526686
tcallcenter_mean6	0.00083222207554661	0.00228520906422059	0.00193194811339353
mtarjeta_master_consumo	0.000826404056268512	0.00176204603899382	0.00095940280461039
mv_Fvencimiento_lag1	0.000823091374695643	0.00108720709046102	0.00315420100145882
Visa_mconsumospesos_mean6	0.000814894941333396	0.00104171977354674	0.00281249589296745
Master_mlimitecompra	0.000805075135071815	0.000955061738232302	0.00245764828030333
mpayroll_lag1	0.000787525980536223	0.00209738853220013	0.00183995058418431
tmobile_app_delta1	0.000782987931806883	0.000738513926202713	0.00216851318850294
Master_mfinanciacion_limite	0.00078037317491068	0.00154927841964045	0.00268107085124
mtransferencias_recibidas_lag1	0.000778931032358359	0.00299068539326391	0.00291763592634941
mtarjeta_visa_debitos_automaticos	0.000759436944485947	0.00155544049417375	0.00232622323857588
Visa_mconsumosdolares_mean6	0.000757099014203976	0.000981419133223431	0.00293077843052215
ccomisiones_otras	0.00075624840418598	0.00284595094290931	0.00235250824692137
chomebanking_trx_lag1	0.000756048543247421	0.000975441708152005	0.00315420100145882
mtransferencias_emitidas	0.000748636640488099	0.00306742074111563	0.00386389622678705
tmobile_app_mean6	0.00074625979844782	0.00099683088386485	0.00286506590965843
mcomisiones_otras_lag1	0.000744105937049837	0.000897199059329885	0.00254964580951254
Visa_mpagospesos	0.000740179839438393	0.00173044511990308	0.00269421335541274
mv_msaldototal_mean6	0.000733109211697515	0.00407341698368187	0.00198451813008451
ccaja_ahorro_delta1	0.000727537123565813	0.0143192088621995	0.00201080313843
mv_status05_mean6	0.000718623689844455	0.000171846344663889	0.000459987646046078
mv_Fvencimiento_mean6	0.000718357917761023	0.00108442320131704	0.00307534597642235
mvr_msaldopesos_lag1	0.000704110958599404	0.00163051552476794	0.00148510297152019
mvr_msaldototal_lag1	0.000702602189111721	0.00149970261392115	0.00144567545900196
mcomisiones_lag1	0.000701508210379687	0.00112349792479894	0.00258907332203078
ctrx_quarter_lag1	0.000700127289198104	0.00105916555430079	0.00245764828030333
Visa_mpagado_mean6	0.000695298192760062	0.00203549140685742	0.00194509061756627
mcaja_ahorro_dolares_lag1	0.000690279501338225	0.00123353808242389	0.00245764828030333
Visa_fultimo_cierre	0.000687573599284473	0.000849667130185483	0.00240507826361235
mpayroll_delta1	0.000683238402071386	0.0059423473891452	0.00236565075109411
mvr_msaldopesos2_mean6	0.00067310460467075	0.00126263132261381	0.00329876854735901
Visa_mpagospesos_lag1	0.000671426256502059	0.00130296837387566	0.00245764828030333
mv_mpagospesos_mean6	0.000666308431242311	0.00170771829663286	0.00231308073440313
cextraccion_autoservicio_mean6	0.000664825684567404	0.0013003317855436	0.00249707579282156
ccaja_seguridad_lag1	0.000658604117668394	0.00096066601633726	0.000381132621009607
mv_mlimitecompra_mean6	0.000657743301715937	0.00105332716806719	0.00190566310504804
mpayroll_sobre_edad_delta1	0.0006569659882312	0.00702450182974347	0.00223422570936666
Master_mfinanciacion_limite_mean6	0.000653906707749896	0.00100316555443208	0.00233936574274862
ctarjeta_debito_trx_mean6	0.000647211047597469	0.00295131827512388	0.00281249589296745
mv_mfinanciacion_limite_mean6	0.000643175333403574	0.000801260959687584	0.00193194811339353
mforex_sell_mean6	0.000641360993965518	0.00238910983944655	0.00187937809670255
cmobile_app_trx_lag1	0.000639482365950283	0.001108400412117	0.00275992587627647
cproductos_lag1	0.000634629038904939	0.00203999384319955	0.00237879325526686
mv_mpagominimo_delta1	0.000632465477947295	0.00207550952328411	0.00140624794648372
Master_mfinanciacion_limite_lag1	0.000632165420525643	0.00307608025196545	0.00226051071771215
mcomisiones_delta1	0.000630982799575102	0.0023199152406116	0.00249707579282156
ccajas_consultas_mean6	0.000623687182623887	0.00462655388499364	0.00260221582620353
mtransferencias_emitidas_delta1	0.000622407883704248	0.00309531559894145	0.00219479819684843
mvr_mpagominimo_lag1	0.000617679791474869	0.00133222634424747	0.00180052307166608
Master_fultimo_cierre	0.000597750019857557	0.000739810263889676	0.00193194811339353
mvr_msaldototal_mean6	0.000594402036837513	0.000542781195864918	0.00149824547569294
mvr_mpagospesos_mean6	0.000591247865416878	0.00101455253532887	0.00220794070102117
mautoservicio_mean6	0.000585640923763828	0.00122127567180747	0.00260221582620353
Visa_msaldototal_mean6	0.000577460318620644	0.00103312754685572	0.00189252060087529
Visa_mconsumospesos_lag1	0.000575200725383291	0.00137656411498693	0.00229993823023039
ccuenta_debitos_automaticos_mean6	0.000572167144801044	0.00337842928732596	0.00223422570936666
mvr_mconsumospesos_mean6	0.000564411263498818	0.000746320756056055	0.00202394564260274
mtransferencias_emitidas_lag1	0.000563958883963805	0.00108888161152331	0.00245764828030333
mvr_msaldopesos_mean6	0.000552148542365533	0.00103798739846025	0.00203708814677549
mcomisiones_otras_delta1	0.000551526598359984	0.00167774634456922	0.00219479819684843
ccajas_consultas	0.000547710084546971	0.00327699567337451	0.000814835258710195
Visa_msaldopesos_mean6	0.000546131973819069	0.000953482060105378	0.00177423806332059
ctarjeta_visa_trx_lag1	0.000544273239609694	0.00205821738129469	0.00228679572605764
mcomisiones_mantenimiento_delta1	0.000541759888653122	0.00384574979949137	0.00115654036720157
mpagomiscuentas_mean6	0.00053961336205453	0.000818050422801799	0.00197137562591176
Visa_mpagominimo_delta1	0.000534919062912405	0.000744333864466787	0.00157710050072941
mtarjeta_visa_debitos_automaticos_lag1	0.000530263963278584	0.00236871589207754	0.00195823312173902
mv_mfinanciacion_limite	0.000528127603518919	0.00063659783560035	0.00161652801324764
mvr_mpagominimo_delta1	0.000527187229128047	0.00171967263747593	0.00135367792979274
Visa_cconsumos_lag1	0.000527028941440944	0.00114136246314351	0.00201080313843
mtarjeta_visa_debitos_automaticos_delta1	0.000526478125505987	0.00333992769585443	0.00156395799655666
Master_msaldototal	0.000521662424298406	0.00130883861963946	0.00134053542562
mvr_msaldopesos	0.000521341808593614	0.00145701797365356	0.00155081549238392
mextraccion_autoservicio_mean6	0.000518957598700321	0.00105656144797642	0.00214222818015745
Master_cconsumos_mean6	0.000514252934853069	0.00142888023642524	0.00199766063425725
Master_mlimitecompra_mean6	0.000513461171520735	0.000820505360881763	0.00181366557583882
mplazo_fijo_dolares	0.000511693662485686	0.00375559796773931	0.000867405275401175
sb_call_hombk_delta1	0.000508861191266489	0.000817230902879387	0.000578270183600783
ccomisiones_otras_lag1	0.000501632543125522	0.00205673254610313	0.00210280066763921
ctrx_quarter_normalizado_lag1	0.000495661757354479	0.00107804020386032	0.00180052307166608
mvr_Visa_mlimitecompra_mean6	0.000495128002524938	0.000910858479221588	0.00190566310504804
Visa_msaldopesos_lag1	0.000490882041260171	0.000922502826269959	0.00147196046734745
mcuenta_debitos_automaticos_mean6	0.000485954338286008	0.00124328432580996	0.00197137562591176
Master_mpagominimo_mean6	0.000483418506316013	0.00059715370001698	0.00164281302159313
Visa_cconsumos	0.00048240934152423	0.00064495074798727	0.0017479530549751
matm_mean6	0.000476361369027671	0.000919400455001739	0.00191880560922078
Master_mconsumospesos_mean6	0.000467862930916739	0.00150897124729858	0.00198451813008451
Visa_mlimitecompra_lag1	0.000461232499983554	0.000618505583668724	0.00148510297152019
mvr_Master_mlimitecompra	0.000460260554691836	0.000948988281859376	0.00164281302159313
ccaja_ahorro_lag1	0.000456166503610868	0.000424348343881947	0.000473130150218823
mv_mpagominimo_lag1	0.000454537206922448	0.000967169717840009	0.0017216680466296
catm_trx_mean6	0.000454043142420332	0.000840710923923903	0.00205023065094823
Visa_mpagospesos_delta1	0.000453861450316483	0.000939334504676407	0.00205023065094823
mvr_msaldopesos2_lag1	0.000452112189869414	0.000983900668069279	0.00210280066763921
cplazo_fijo_mean6	0.000446965231478319	0.00263974893327545	0.000578270183600783
Master_mpagominimo	0.000445450699194666	0.00143996955989959	0.00109082784633784
mtarjeta_visa_consumo_lag1	0.000445045724059188	0.00118665766086593	0.00178738056749333
cmobile_app_trx	0.000444581187875391	0.000743441118554899	0.00173481055080235
mv_mconsumosdolares_mean6	0.00044377856377214	0.000849395220695965	0.00170852554245686
cpagomiscuentas_mean6	0.000443546176384294	0.00095414777149657	0.00195823312173902
ctransferencias_recibidas	0.000443316481699985	0.0019185350149142	0.00151138797986568
Visa_msaldopesos_delta1	0.000441645727424473	0.00175288430197971	0.00144567545900196
Visa_mfinanciacion_limite_lag1	0.000439803279377503	0.000494717105047379	0.00153767298821117
Master_mpagospesos_mean6	0.000432548491276805	0.00150876922505558	0.00203708814677549
Visa_delinquency	0.000432462330134273	0.000278016672852707	0.000157710050072941
Master_msaldopesos	0.000422741721169463	0.00243637048157893	0.00134053542562
Master_msaldototal_mean6	0.000417551039973912	0.000721608342740426	0.00144567545900196
Master_fultimo_cierre_lag1	0.000411690413183665	0.000772071178896391	0.00166909802993862
internet_delta1	0.000409034295559204	0.000312340478292482	0.000893690283746665
mv_cconsumos_delta1	0.000408671284225325	0.00296067869563804	0.00109082784633784
Master_mlimitecompra_lag1	0.000405418538812349	0.00148980256200387	0.00143253295482921
mvr_mconsumosdolares_mean6	0.000399006083396262	0.000616510882816281	0.00151138797986568
Master_mfinanciacion_limite_delta1	0.000397608453885529	0.0027882195501704	0.00088054777957392
ccajas_depositos_mean6	0.000396078584126719	0.0052953759660171	0.00134053542562
mvr_Visa_mlimitecompra	0.000393917469521281	0.000622992514662233	0.00149824547569294
mv_mconsumospesos_mean6	0.000389209392308777	0.000633288858391189	0.00139310544231098
ctarjeta_debito_trx	0.0003889710226202	0.000536141964033887	0.00118282537554706
Master_mpagominimo_lag1	0.000388516510317291	0.000807923958841319	0.00115654036720157
mvr_Master_mlimitecompra_mean6	0.00038659633026016	0.000788824821259958	0.0014588179631747
Visa_msaldototal_delta1	0.000381864843144371	0.000852099715664332	0.0014588179631747
ctarjeta_visa_trx_delta1	0.000380756758433551	0.00142250787767487	0.0011959678797198
mv_fultimo_cierre	0.000379350316387136	0.000723541644675881	0.0017216680466296
Visa_mconsumospesos_delta1	0.000378615761014424	0.000655236056887827	0.00166909802993862
Master_msaldopesos_mean6	0.000378123594491454	0.000478369487780022	0.00128796540892902
Visa_mconsumosdolares	0.000376472805530352	0.00083208836560201	0.00166909802993862
cmobile_app_trx_delta1	0.000370890951647421	0.00160250703650404	0.00164281302159313
mtarjeta_visa_consumo_delta1	0.000368606459987737	0.00145779227907397	0.0016033855090749
Visa_cconsumos_delta1	0.000368161564562762	0.00158356182063163	0.00135367792979274
mplazo_fijo_dolares_mean6	0.000368101589396973	0.00196436101617702	0.00085426277122843
mprestamos_prendarios	0.00035670783491254	0.00373225523127785	0.000525700166909803
mv_cconsumos	0.000356013664574664	0.000653580549683702	0.00113025535885608
ccaja_seguridad_mean6	0.000355533655932848	0.000583401757333319	0.000275992587627647
cliente_vip_lag1	0.000350079603338775	0.000500249119173542	0.000473130150218823
Visa_msaldototal_lag1	0.000348147806982511	0.000428234810443975	0.00115654036720157
mtransferencias_recibidas_delta1	0.000340743219142421	0.00113010835289841	0.00148510297152019
mvr_mconsumospesos	0.000340566410307587	0.000485158566921821	0.00113025535885608
mv_mpagospesos_delta1	0.000334375814740426	0.000929517298855409	0.00131425041727451
ctarjeta_visa_descuentos_mean6	0.000333794792103745	0.00551986342196286	0.00113025535885608
Visa_fultimo_cierre_lag1	0.000333414236136095	0.000560517390666879	0.00127482290475627
mvr_Master_mlimitecompra_lag1	0.000332747376898455	0.000977284354728	0.00131425041727451
Visa_mconsumosdolares_lag1	0.000329834768951323	0.000550028757979468	0.00135367792979274
mv_mfinanciacion_limite_delta1	0.000328910474666577	0.00280735332013628	0.00077540774619196
Visa_mconsumototal_mean6	0.000326937363988837	0.000462541356280357	0.00106454283799235
mv_mpagado_mean6	0.000322842419720413	0.00181232349003269	0.00139310544231098
mv_msaldopesos_lag1	0.000322191580043197	0.000448284075044898	0.000841120267055685
cliente_vip_delta1	0.000316310148949428	0.000334232615824854	0.000433702637700588
mv_mlimitecompra	0.000309315788246683	0.0005033783135631	0.00103825782964686
mcuenta_debitos_automaticos_lag1	0.00030056890017554	0.000712089077286194	0.00109082784633784
mpagomiscuentas_lag1	0.000300545917000818	0.00177012862637941	0.00137996293813823
mvr_Visa_mlimitecompra_lag1	0.000298522686557594	0.000490846313600564	0.00114339786302882
mvr_mconsumospesos_lag1	0.000297653085969474	0.000658333618102642	0.00114339786302882
mv_mconsumospesos	0.000296818272882303	0.000586665633218204	0.000893690283746665
cforex_mean6	0.000292901385380957	0.000408679849566451	0.0010776853421651
Visa_mconsumototal	0.000290298904951837	0.0003451200868228	0.000946260300437645
mv_mpagospesos_lag1	0.000281957477884377	0.000460260146011593	0.00126168040058353
mv_fultimo_cierre_lag1	0.000279859871934144	0.000850375622757544	0.00159024300490215
mdescubierto_preacordado_lag1	0.000277479200002582	0.000332207074041758	0.000420560133527842
mvr_mpagospesos_delta1	0.000276984102693163	0.000693012575250265	0.00101197282130137
mautoservicio_lag1	0.000275760310780256	0.000672482644842067	0.0017216680466296
cprestamos_hipotecarios_mean6	0.00027228420728283	0.00367140086892438	0.000525700166909803
mvr_msaldodolares_mean6	0.000270839977905444	0.00113574975329788	0.00144567545900196
ctarjeta_debito_trx_lag1	0.000270369830537922	0.000938948568626769	0.00144567545900196
cforex_sell_mean6	0.000270084257761886	0.00056850598395005	0.000946260300437645
mv_mfinanciacion_limite_lag1	0.00026874672718594	0.000379024795138878	0.000985687812955881
ccajas_otras_delta1	0.000267200117712827	0.00219526321593198	0.000420560133527842
Visa_mpagado	0.000265838032145203	0.00136639741634444	0.000841120267055685
mv_mconsumospesos_lag1	0.00026522476981349	0.000480449298283294	0.00090683278791941
mvr_msaldodolares2_mean6	0.000265132589421862	0.000697754891785125	0.00131425041727451
Master_msaldototal_lag1	0.000258999286431536	0.000438165929647366	0.000762265242019214
mv_cconsumos_lag1	0.000257610405622238	0.000735793642941407	0.00102511532547412
cprestamos_personales_lag1	0.000256738341799909	0.000285030183427476	0.000249707579282156
mv_fultimo_cierre_delta1	0.000255528299838836	0.000352422370368434	0.00082797776288294
Visa_mconsumototal_lag1	0.000255470141707047	0.000492527116026711	0.00106454283799235
mvr_mpagospesos_lag1	0.000253977802162947	0.000515082871162323	0.00115654036720157
tpaquete7	0.00025100560590841	0.000534429075722089	0.000131425041727451
ccuenta_debitos_automaticos	0.000250619103127345	0.000790003510699531	0.00085426277122843
ctarjeta_visa_debitos_automaticos_lag1	0.000246498115657933	0.000886094400273507	0.00085426277122843
mvr_msaldototal_delta1	0.000246488675647103	0.00105758050023183	0.000972545308783136
mvr_mpagado_mean6	0.000246450390023509	0.000682556990459186	0.00090683278791941
ctarjeta_debito	0.000245978543815904	0.000439434425613446	0.00114339786302882
matm_other_mean6	0.000244493924958551	0.000452672258471454	0.00103825782964686
cpagomiscuentas	0.000235615260057602	0.00169588737610125	0.000867405275401175
internet_lag1	0.00023514819736661	0.0006043651018477	0.000998830317128626
minversion1_pesos	0.000233610105125381	0.00234093800343274	0.000328562604318627
Master_mlimitecompra_delta1	0.00023162604168069	0.00156418420925257	0.000578270183600783
mv_mlimitecompra_lag1	0.000228940387026089	0.000274311856542781	0.000841120267055685
ccuenta_debitos_automaticos_delta1	0.000227028142498064	0.0038960572992168	0.000696552721155489
sb_call_hombk_lag1	0.000226349649271543	0.00174027137994225	0.0009331177962649
mtarjeta_master_consumo_lag1	0.000225631121320739	0.000897572206296352	0.000657125208637254
mv_msaldototal_lag1	0.000222844036203397	0.000864977982883133	0.000749122737846469
ctransferencias_recibidas_lag1	0.00022166491292174	0.000486036316784859	0.00095940280461039
Master_mpagosdolares_mean6	0.000216240272193993	0.00352586149857416	0.000998830317128626
mextraccion_autoservicio	0.000215183810560317	0.000477825951745305	0.000867405275401175
ccallcenter_trx_delta1	0.000214360509740061	0.000365601124452862	0.000289135091800392
Visa_mconsumosdolares_delta1	0.000213570002065719	0.000447363883534172	0.00082797776288294
Master_msaldopesos_lag1	0.000212423369643634	0.0011345039494661	0.000735980233673724
Visa_mpagosdolares_mean6	0.000211690042605681	0.000328007614475252	0.000893690283746665
mprestamos_hipotecarios_mean6	0.000210187865811672	0.00239790516356896	0.000354847612664117
mv_msaldodolares_mean6	0.000205005440651757	0.00101695292174434	0.000972545308783136
mvr_mconsumospesos_delta1	0.000202788920385828	0.000646657015402029	0.000814835258710195
ccheques_depositados_mean6	0.000200996754372554	0.00191926138956715	0.000525700166909803
Master_msaldototal_delta1	0.000200929479294197	0.00124983991930061	0.000630840200291764
mvr_mconsumototal_mean6	0.000200210592361494	0.000274069090318009	0.000762265242019214
mvr_msaldopesos2_delta1	0.000196365381648583	0.000558715091950619	0.00106454283799235
mextraccion_autoservicio_lag1	0.000194495971780445	0.000379360706633107	0.00102511532547412
Master_mpagospesos_lag1	0.000194187268238379	0.000843855680250946	0.000998830317128626
Master_mpagospesos	0.000192453174955579	0.00140957681304634	0.00110397035051059
mv_msaldototal_delta1	0.000192055243943355	0.000770560595771902	0.00077540774619196
Master_mpagospesos_delta1	0.00019182570135369	0.000953285923104199	0.000762265242019214
ctarjeta_master_trx_mean6	0.000189411159026653	0.00114793418446029	0.000814835258710195
ctarjeta_debito_lag1	0.000187121072777947	0.000400479500755752	0.000696552721155489
mautoservicio_delta1	0.000182062598280394	0.000820784853279	0.00109082784633784
Master_fultimo_cierre_delta1	0.000181489683169673	0.000228236977457917	0.000696552721155489
cseguro_accidentes_personales_mean6	0.00018135020911853	0.00066050006615606	0.000643982704464509
ctransferencias_emitidas	0.000180928016608618	0.000512985631289067	0.000814835258710195
tpaquete9	0.000179856236820755	0.00212324653047014	0.000354847612664117
tcuentas_lag1	0.000179363344365216	0.00411326222113031	0.000657125208637254
mvr_msaldopesos_delta1	0.000178485513626884	0.000560633114892907	0.000670267712809999
Visa_fultimo_cierre_delta1	0.000176211722706271	0.000233248260861388	0.000604555191946273
Master_mpagominimo_delta1	0.000173594572048423	0.00108275943213883	0.000565127679428038
mv_msaldopesos_delta1	0.00017318788163305	0.00150938287469228	0.000722837729500979
active_quarter_mean6	0.000169241365600207	0.000235555275651946	0.000289135091800392
mvr_mconsumototal	0.000169237677323757	0.000202829879252941	0.000565127679428038
Visa_mconsumototal_delta1	0.000167492541734206	0.000269108567125173	0.000709695225328234
mv_mconsumototal_mean6	0.000162594566476444	0.000403453811425683	0.000630840200291764
ctarjeta_visa_debitos_automaticos	0.000159987218448829	0.000439652858626877	0.000657125208637254
ccomisiones_otras_delta1	0.000159773895856944	0.000210691543715095	0.000657125208637254
mv_mconsumosdolares_lag1	0.000155638661777653	0.000396983667119039	0.000591412687773528
mplazo_fijo_dolares_delta1	0.000153969885835362	0.00219592021263818	0.000446845141873333
ctransferencias_emitidas_lag1	0.000153840675362344	0.000430913840423729	0.000683410216982744
cextraccion_autoservicio_lag1	0.00015294208934938	0.000437112867484947	0.000670267712809999
mvr_mconsumototal_lag1	0.000152300499232763	0.000338741050586524	0.000591412687773528
catm_trx_other_mean6	0.000151480332539836	0.000381052826831971	0.000670267712809999
tmobile_app_lag1	0.000143577332256667	0.000175588283268325	0.000643982704464509
matm_lag1	0.000140578297438623	0.000427014188656487	0.000749122737846469
ctarjeta_debito_delta1	0.000136245278836548	0.00295547438762088	0.000420560133527842
Master_mconsumototal_mean6	0.000136160985593745	0.000384690245805369	0.000551985175255293
mv_status01_delta1	0.000136048775690314	0.000481279230556604	0.000262850083454901
mvr_mconsumosdolares_lag1	0.000134061520837969	0.000399352080826585	0.000512557662737058
mv_status06_mean6	0.000133611738102549	0.000159997315695938	0.000249707579282156
thomebanking_lag1	0.000132934173000716	0.000171265233623753	0.000551985175255293
mv_mconsumospesos_delta1	0.000132859371047781	0.000373151040865536	0.000617697696119019
mv_mconsumosdolares	0.000132029539275702	0.00105297139388184	0.000551985175255293
Master_mconsumospesos	0.000130958803612861	0.000360655880253193	0.000630840200291764
ctarjeta_visa_debitos_automaticos_delta1	0.000130272350002076	0.000317863211845017	0.000223422570936666
minversion1_pesos_lag1	0.000128375365011903	0.00295300711316866	0.000459987646046078
Visa_msaldodolares_mean6	0.000127213622520609	0.000357059997505665	0.000617697696119019
Visa_mlimitecompra_delta1	0.000126929300545612	0.000362313594422998	0.000381132621009607
ccajas_otras_mean6	0.000126819710868451	0.000420354528245702	0.000328562604318627
mtarjeta_master_consumo_mean6	0.000125583244348575	0.000159256397705044	0.000473130150218823
ccajas_trx_delta1	0.000125065419280353	0.000911870401280182	0.000394275125182352
Visa_mfinanciacion_limite_delta1	0.000121362547466651	0.00027947236477952	0.000315420100145882
mv_mconsumototal	0.00012120011044213	0.000389396967945035	0.000459987646046078
mv_status06	0.000120309025819272	0.000123036752157506	0.000118282537554706
ccajas_otras	0.000120076582505248	0.00136811930228555	0.000236565075109411
mvr_msaldodolares_lag1	0.00011844017940829	0.000891514142094321	0.000630840200291764
mprestamos_prendarios_lag1	0.000115372660829839	0.00315892985676074	0.000459987646046078
Master_Finiciomora_mean6	0.000115212045487742	0.000249947125205006	0.000197137562591176
ctransferencias_emitidas_delta1	0.000113943090061462	0.000550542301916485	0.000565127679428038
Visa_status_delta1	0.000112751803926734	0.000981849548119844	0.000302277595973137
ccomisiones_mantenimiento_lag1	0.00011247634168932	0.000149150305735454	0.000381132621009607
mvr_mconsumosdolares	0.000111242372836608	0.000262525810979998	0.000486272654391568
mv_Fvencimiento_delta1	0.000111022000849273	0.000129952307409413	0.000367990116836862
mcaja_ahorro_adicional	0.000110843696862934	0.00412172627404531	0.000578270183600783
sb_invcomunes_mean6	0.000109365601694313	0.0017243212428527	0.000459987646046078
ctarjeta_master_trx	0.000108468767753859	0.000173862209751312	0.000197137562591176
Visa_mpagosdolares	0.000107955868275936	0.000313260047325708	0.000367990116836862
mcaja_ahorro_adicional_mean6	0.000105193150329424	0.00240515436676055	0.000394275125182352
mv_status07_mean6	0.000105160141413468	0.000146013075727268	0.000197137562591176
Visa_msaldodolares_lag1	0.000105118017459296	0.000278055436224261	0.000394275125182352
mvr_mpagosdolares_mean6	0.000104629440679432	0.000506715245670872	0.000459987646046078
mv_mconsumosdolares_delta1	0.00010408905738052	0.000397687689170877	0.000381132621009607
ctarjeta_debito_trx_delta1	0.000103759522653105	0.00104459228085108	0.000735980233673724
mcheques_emitidos_mean6	0.000101525451559881	0.00202592211684778	0.000407417629355097
mcheques_depositados_mean6	9.79937750765582e-05	0.00111258991204352	0.000315420100145882
cpagomiscuentas_lag1	9.78249169829695e-05	0.000222824818544824	0.000433702637700588
ccajas_trx	9.71282490933146e-05	0.000554186737908967	0.000289135091800392
mforex_buy_mean6	9.39267596076041e-05	0.00125147595993567	0.000394275125182352
Master_mconsumospesos_lag1	9.29538995192776e-05	0.000232294681921148	0.000394275125182352
mvr_msaldodolares2_delta1	9.17807783708323e-05	0.00271524289122674	0.000591412687773528
mprestamos_hipotecarios_lag1	9.16584186698219e-05	0.00252829326181683	0.000354847612664117
ctarjeta_visa	8.92588946528156e-05	5.51609567883663e-05	6.57125208637254e-05
Master_msaldopesos_delta1	8.86078765961181e-05	0.000194843040224541	0.000275992587627647
Master_Fvencimiento_delta1	8.73893048448658e-05	0.000183102152574897	0.000289135091800392
Master_mconsumosdolares_mean6	8.57445625537859e-05	0.000210847898745175	0.000538842671082548
mextraccion_autoservicio_delta1	8.43536608032572e-05	0.000436297139016395	0.000420560133527842
ccuenta_debitos_automaticos_lag1	8.2582576218069e-05	0.000626239979776679	0.000420560133527842
Visa_Fvencimiento_delta1	8.20670674218457e-05	6.3408500711294e-05	0.000223422570936666
ccajas_trx_lag1	8.11046943454604e-05	0.000481860907485376	0.000473130150218823
mforex_sell	7.90420817210764e-05	0.000339564871262568	0.000473130150218823
ccheques_emitidos_mean6	7.6347849073302e-05	0.00144320559406359	0.000289135091800392
Master_fechaalta_delta1	7.6267499811669e-05	8.29904544767472e-05	0.000210280066763921
Master_status_delta1	7.61328131031553e-05	1.69434414120247e-05	2.62850083454901e-05
Master_delinquency_mean6	7.59465814074585e-05	0.000197852888700802	0.000144567545900196
mv_mpagado	7.51163013806631e-05	0.000907943473680692	0.000525700166909803
ccallcenter_trx_lag1	7.46444795320999e-05	0.00042172216790078	0.000354847612664117
ccajas_consultas_delta1	7.45993963143176e-05	0.000528785977656712	0.000157710050072941
thomebanking_delta1	7.23881893675539e-05	0.000347445153460841	0.000249707579282156
cextraccion_autoservicio	7.03825472543521e-05	0.00015626924136308	0.000262850083454901
mv_status03_delta1	7.02261853082735e-05	0.0014168614974554	0.000302277595973137
mcaja_ahorro_adicional_lag1	7.02190800591586e-05	0.00204022800791706	0.000289135091800392
ctarjeta_visa_mean6	7.00985086750201e-05	9.8743435965573e-05	0.000157710050072941
Master_mconsumospesos_delta1	6.93558386493516e-05	0.000177264501996522	0.000394275125182352
Visa_mpagado_delta1	6.89029256716274e-05	0.000485112050875955	0.000328562604318627
mv_mconsumototal_lag1	6.74937284280136e-05	0.000200072020986216	0.000275992587627647
catm_trx_lag1	6.59681160270645e-05	0.000218401267078528	0.000302277595973137
catm_trx	6.59461018077093e-05	0.00032427348513399	0.000262850083454901
mv_fechaalta_delta1	6.52702107390661e-05	0.000115987081298906	0.000170852554245686
ctransferencias_recibidas_delta1	6.50685957782758e-05	0.000203328710085426	0.000354847612664117
Visa_mpagosdolares_lag1	6.18762258273149e-05	0.000104642881582981	0.000275992587627647
mv_mpagosdolares_mean6	6.13640343934579e-05	0.000164082409169143	0.000302277595973137
ctarjeta_master_debitos_automaticos_mean6	5.91006569209868e-05	0.000399330746825014	0.000249707579282156
Master_cconsumos	5.90609984550077e-05	0.000167003922429351	0.000302277595973137
mttarjeta_master_debitos_automaticos_mean6	5.86764935082724e-05	0.000559337003561398	0.000289135091800392
ctarjeta_master_descuentos_mean6	5.81429026825623e-05	0.000787203380551709	0.000210280066763921
mv_mconsumototal_delta1	5.74989144245532e-05	0.000186854333763642	0.000289135091800392
matm_other_lag1	5.74384494554045e-05	0.000194182591597662	0.000315420100145882
mv_status03_mean6	5.74056285527053e-05	0.000232941322865313	0.000341705108491372
tcuentas_mean6	5.68947617681965e-05	0.000772595757661807	0.000183995058418431
mcuenta_debitos_automaticos_delta1	5.67986996068961e-05	0.000328702355953462	0.000367990116836862
mpagomiscuentas_delta1	5.44477457850112e-05	0.0001678992148401	0.000367990116836862
mtarjeta_visa_descuentos_mean6	5.42147701401406e-05	6.69746177165776e-05	0.000183995058418431
mv_mlimitecompra_delta1	5.41977725540713e-05	0.0002986194897172	0.000170852554245686
mvr_mpagado_lag1	5.15254299852511e-05	0.00159885654550316	0.000328562604318627
Master_mconsumototal	5.07699358882309e-05	0.00010494925369042	0.000223422570936666
mvr_mconsumosdolares_delta1	5.04467122428337e-05	0.000178212422050404	0.000223422570936666
Visa_msaldodolares_delta1	4.90771971337791e-05	0.000182782142551335	0.000223422570936666
matm_other	4.81309224995699e-05	0.000363805333455914	0.000170852554245686
Master_mpagado_mean6	4.75811557793723e-05	0.000170063795461019	0.000223422570936666
Master_mconsumosdolares	4.60663389389544e-05	0.000100416259361955	0.000210280066763921
matm	4.55907465128919e-05	0.000195928697572384	0.000302277595973137
cpagomiscuentas_delta1	4.52941282339803e-05	0.00100761932435153	0.000236565075109411
mtarjeta_master_consumo_delta1	4.45730859281317e-05	0.000167913927944632	0.000183995058418431
Master_msaldodolares_mean6	4.37669775045977e-05	5.52330510005713e-05	0.000105140033381961
Visa_fechaalta_delta1	4.293564274948e-05	5.4358130580712e-05	0.000157710050072941
cliente_vip	4.28264430381305e-05	7.14688486734886e-05	6.57125208637254e-05
mforex_sell_lag1	4.26896806530122e-05	0.00010492650496726	0.000210280066763921
cseguro_vivienda_mean6	4.2350544602226e-05	0.000110155542317798	0.000144567545900196
Master_delinquency_lag1	4.2061430196438e-05	0.000563245992491132	9.19975292092155e-05
ctarjeta_master	4.20244591551783e-05	5.24368820732002e-05	6.57125208637254e-05
matm_delta1	4.18045540051617e-05	0.000208350066306614	0.000381132621009607
mvr_mpagado	4.16084189869221e-05	0.00025107069709145	0.000223422570936666
ccheques_depositados_lag1	3.92498292139476e-05	0.00063534071399585	0.000118282537554706
Master_mconsumosdolares_lag1	3.92262501771392e-05	7.23591612642425e-05	0.000170852554245686
mvr_mconsumototal_delta1	3.84024124557541e-05	0.00020868733593357	0.000262850083454901
Visa_mpagado_lag1	3.7093270574559e-05	0.000107881801779027	0.000131425041727451
Master_delinquency	3.66540790764298e-05	3.59099912860111e-05	9.19975292092155e-05
mcheques_depositados_lag1	3.65438939637513e-05	0.000692966738270763	0.000157710050072941
catm_trx_delta1	3.59279763795386e-05	0.000141460897774047	0.000183995058418431
Master_cconsumos_lag1	3.57533353494623e-05	7.99261675137191e-05	0.000223422570936666
cseguro_vida_mean6	3.48341839451625e-05	0.000101361859272429	0.000131425041727451
Master_cconsumos_delta1	3.37340171907556e-05	7.85227071079931e-05	0.000131425041727451
Master_mconsumototal_lag1	3.36986878962954e-05	6.3694670594434e-05	0.000183995058418431
cextraccion_autoservicio_delta1	3.18666758308157e-05	7.40739170085394e-05	0.000131425041727451
ctarjeta_master_trx_lag1	3.10440726323186e-05	6.89522287322183e-05	0.000183995058418431
mttarjeta_master_debitos_automaticos	3.05220985207595e-05	0.000206269859681298	0.000105140033381961
mv_status04_mean6	3.03694554272947e-05	0.000118759256548118	0.000197137562591176
mplazo_fijo_dolares_lag1	2.96009308379523e-05	0.000220468175320903	0.000105140033381961
mttarjeta_master_debitos_automaticos_lag1	2.93796033952552e-05	0.000247251741043676	0.000131425041727451
cforex_lag1	2.86067464515548e-05	6.41332342872035e-05	0.000144567545900196
Visa_msaldodolares	2.75346216852299e-05	0.000146580039551507	0.000118282537554706
cpayroll_trx_delta1	2.74463510046475e-05	0.000122518454755948	0.000170852554245686
Master_cadelantosefectivo_mean6	2.73747073852892e-05	5.11213607614824e-05	0.000183995058418431
Master_msaldodolares_lag1	2.70470842827944e-05	3.8727494214953e-05	5.25700166909803e-05
minversion2_mean6	2.5013140717628e-05	0.000544162473436119	0.000105140033381961
mttarjeta_master_debitos_automaticos_delta1	2.49507213841933e-05	0.000328685322705524	0.000157710050072941
mvr_mpagosdolares_delta1	2.48139443373569e-05	0.000751475152695527	0.000381132621009607
mvr_msaldodolares2_lag1	2.41731000822711e-05	0.00036658294123603	0.000262850083454901
mcheques_emitidos_rechazados_mean6	2.35427583867348e-05	0.000599418386337578	0.000105140033381961
mv_msaldodolares_lag1	2.33930483091704e-05	8.56087646058764e-05	0.000131425041727451
mforex_sell_delta1	2.29390095317112e-05	0.000105703922775165	9.19975292092155e-05
minversion2_lag1	2.2219923597392e-05	0.000938512155310816	0.000131425041727451
mvr_msaldodolares	2.20733426915276e-05	8.69286432600901e-05	0.000118282537554706
ccajas_extracciones	2.20221677034888e-05	0.000233077475671094	0.000105140033381961
mvr_mpagado_delta1	2.18508246095736e-05	0.00037566454841931	0.000118282537554706
matm_other_delta1	2.18244654956673e-05	0.000235922650554328	0.000118282537554706
mv_status03	2.14635597735593e-05	2.67565162459806e-05	6.57125208637254e-05
mv_status05	2.09348864216287e-05	4.19637547344104e-05	9.19975292092155e-05
Master_mconsumosdolares_delta1	2.0591608177041e-05	6.35874912868075e-05	9.19975292092155e-05
mv_mpagado_delta1	2.02821350122857e-05	0.00017805080425601	7.88550250364705e-05
Master_mconsumototal_delta1	1.91800712418311e-05	9.57419060522586e-05	0.000170852554245686
catm_trx_other	1.87876055654267e-05	0.000184477375137695	7.88550250364705e-05
mv_msaldodolares_delta1	1.86573428135877e-05	0.000173573946080219	9.19975292092155e-05
cseguro_accidentes_personales	1.84239540159824e-05	4.32865760095303e-05	6.57125208637254e-05
Master_madelantopesos_mean6	1.84046113287446e-05	4.92037905301035e-05	0.000210280066763921
tcallcenter_delta1	1.78086844648218e-05	5.66392842606128e-05	6.57125208637254e-05
Visa_mpagosdolares_delta1	1.77844495157075e-05	3.80422596658245e-05	7.88550250364705e-05
ctarjeta_master_debitos_automaticos_lag1	1.75870128409413e-05	0.000108545589148857	9.19975292092155e-05
tcallcenter_lag1	1.74591953176872e-05	0.000108831419498816	5.25700166909803e-05
cforex_sell	1.74308260734925e-05	4.92750924982182e-05	6.57125208637254e-05
cseguro_vivienda	1.7250297713787e-05	0.000112044195639886	5.25700166909803e-05
Master_mpagosdolares	1.67595521976478e-05	3.08188044071613e-05	7.88550250364705e-05
Master_status_lag1	1.65436262301476e-05	0.000293772879906757	5.25700166909803e-05
minversion1_pesos_delta1	1.55981220117788e-05	1.75411895780537e-05	6.57125208637254e-05
mv_mpagado_lag1	1.54387205761785e-05	5.7523711609554e-05	6.57125208637254e-05
mvr_msaldodolares_delta1	1.44940337337058e-05	0.000233991951706598	0.000144567545900196
catm_trx_other_lag1	1.43587639494832e-05	3.88267510816779e-05	7.88550250364705e-05
Visa_delinquency_delta1	1.38706001908205e-05	6.77424154176739e-05	3.94275125182352e-05
ctarjeta_master_trx_delta1	1.27790939828637e-05	8.93469683453164e-05	0.000105140033381961
tpaquete9_mean6	1.26433060526148e-05	5.07570982465976e-05	3.94275125182352e-05
mv_status07_lag1	1.20546401866205e-05	1.89407453521924e-05	2.62850083454901e-05
mv_status02_lag1	1.10837651066719e-05	2.62335785576086e-05	2.62850083454901e-05
mvr_msaldodolares2	1.10476025289676e-05	6.77952694162606e-05	0.000105140033381961
Master_mpagosdolares_lag1	1.08914174862946e-05	1.43814372021608e-05	6.57125208637254e-05
Master_mpagado_lag1	1.01702506691658e-05	1.09808426228579e-05	2.62850083454901e-05
cseguro_vida_lag1	9.97244319082988e-06	0.00019569617393192	5.25700166909803e-05
ccajas_depositos_lag1	9.2316170225113e-06	0.000101555845896792	3.94275125182352e-05
mv_status04_lag1	9.03861183548185e-06	1.27669569241332e-05	3.94275125182352e-05
cseguro_vivienda_lag1	8.86888651233417e-06	3.33277848518479e-05	2.62850083454901e-05
Master_mpagosdolares_delta1	8.23383258696507e-06	1.35469778197635e-05	2.62850083454901e-05
cseguro_accidentes_personales_lag1	8.1235917511217e-06	6.66894098441185e-06	2.62850083454901e-05
cplazo_fijo_lag1	7.80108482274591e-06	0.000216216031522401	5.25700166909803e-05
Master_msaldodolares_delta1	7.10821801901973e-06	5.48996860052029e-06	2.62850083454901e-05
mv_mpagosdolares_delta1	6.91694078461258e-06	3.40919608656749e-05	2.62850083454901e-05
ccajas_extracciones_lag1	6.90653839953659e-06	1.70168371680921e-05	3.94275125182352e-05
mprestamos_prendarios_delta1	6.46168983609049e-06	6.80871547746225e-06	3.94275125182352e-05
Master_mpagado_delta1	6.32070002698961e-06	8.9491326536317e-06	1.31425041727451e-05
mv_status02_delta1	6.25521836050358e-06	4.63064973035093e-05	9.19975292092155e-05
minversion2_delta1	6.13934206061476e-06	0.000375404862124326	5.25700166909803e-05
tpaquete9_lag1	5.74506772376906e-06	2.8261327306384e-05	1.31425041727451e-05
ctarjeta_visa_lag1	5.49175691829324e-06	0.000157925201278114	2.62850083454901e-05
active_quarter_lag1	5.40707261442104e-06	5.92360906215804e-06	2.62850083454901e-05
ctarjeta_master_debitos_automaticos	5.32049842380678e-06	7.8195000998983e-05	2.62850083454901e-05
mv_mpagosdolares	4.79390690162199e-06	4.43129282283381e-05	2.62850083454901e-05
Visa_madelantopesos_lag1	4.37735747495478e-06	2.5986172046023e-06	1.31425041727451e-05
Visa_madelantopesos	4.35384139920628e-06	5.34860961928955e-06	1.31425041727451e-05
mv_mpagosdolares_lag1	4.27737531634743e-06	2.21443540973623e-05	3.94275125182352e-05
mvr_Visa_mlimitecompra_delta1	4.11939033226691e-06	4.08509347320475e-06	1.31425041727451e-05
mvr_Master_mlimitecompra_delta1	3.94810715145856e-06	2.4942333868368e-05	3.94275125182352e-05
ccheques_emitidos	3.44960434340529e-06	8.34682342519798e-05	1.31425041727451e-05
mpagodeservicios_mean6	3.33537897876499e-06	0.000186248267034667	2.62850083454901e-05
cseguro_vida	3.08569788078933e-06	1.55879683626173e-05	2.62850083454901e-05
Master_mpagado	2.80039285888485e-06	3.74573005829654e-06	1.31425041727451e-05
ctarjeta_visa_delta1	2.77793940087218e-06	5.3235011405177e-05	1.31425041727451e-05
mv_status06_lag1	2.49655074390581e-06	6.14917227240052e-06	1.31425041727451e-05
active_quarter	2.31292598756671e-06	3.98719473920588e-06	1.31425041727451e-05
Master_madelantopesos	2.02652844981458e-06	3.48089417672735e-06	1.31425041727451e-05
cpagodeservicios_mean6	1.81915821505334e-06	8.80165075736127e-05	1.31425041727451e-05
ccheques_depositados_delta1	1.60739432448605e-06	1.20279063657371e-05	1.31425041727451e-05
Visa_cadelantosefectivo_mean6	1.56192654913341e-06	7.00423000114207e-06	2.62850083454901e-05
Visa_madelantopesos_mean6	1.39847274455381e-06	2.25036933811153e-06	1.31425041727451e-05
Master_cadelantosefectivo_delta1	1.34954898004046e-06	4.03127746393717e-06	2.62850083454901e-05
mv_status05_lag1	1.30507804418e-06	1.35108175359338e-05	1.31425041727451e-05
cforex_buy_mean6	8.67486444184984e-07	5.31148166589264e-05	3.94275125182352e-05
ccajas_consultas_lag1	4.63305001149199e-07	4.39803554770599e-05	2.62850083454901e-05
Master_msaldodolares	3.87180614208115e-07	2.64322620576491e-05	2.62850083454901e-05
ccajas_extracciones_delta1	3.02886906869341e-07	7.42494556633743e-05	6.57125208637254e-05
mvr_mpagosdolares	2.15273544830755e-07	2.99391871116247e-05	2.62850083454901e-05
cliente_edad_delta1	2.09092145423493e-07	1.24959528564334e-05	1.31425041727451e-05
cinversion1_mean6	1.88628961798629e-07	1.71381071027508e-05	1.31425041727451e-05
mv_madelantopesos_mean6	1.87125700559705e-07	7.07858776789034e-06	1.31425041727451e-05
ccajas_depositos_delta1	1.82833799033234e-07	1.08055303234773e-05	1.31425041727451e-05
mcajeros_propios_descuentos_mean6	1.41926972249542e-07	6.59175377448442e-06	1.31425041727451e-05
cseguro_auto_mean6	1.22461778966387e-07	1.59466285800074e-05	1.31425041727451e-05
mv_msaldodolares	1.07811825545491e-07	6.54099356385032e-06	2.62850083454901e-05
minversion1_dolares_mean6	4.82574615945768e-08	9.91985801953723e-06	1.31425041727451e-05
mtarjeta_visa_descuentos_delta1	3.36944782325585e-08	2.35280084008341e-05	2.62850083454901e-05
mcheques_depositados_delta1	2.40033422905604e-12	2.23610894448858e-06	1.31425041727451e-05
Master_madelantodolares_mean6	3.30063351291865e-14	1.88120056875407e-05	6.57125208637254e-05
