Feature	Gain	Cover	Frequency
ctrx_quarter	0.17101139818902	0.0166385289722222	0.0129173134092763
mcuentas_saldo	0.0413267453298765	0.0138286767812213	0.0187928055913639
mcaja_ahorro	0.0408133308686801	0.00745578595625815	0.0124349968868661
mtarjeta_visa_consumo	0.0408020084214133	0.0124811477700421	0.015758596195838
ctrx_quarter_lag1	0.0279888713317055	0.0070110420969123	0.00915524453447686
foto_mes	0.0190281943681697	0.0143568130186514	0.0156709022826726
cpayroll_trx	0.0175458503274119	0.00757175896769157	0.00391991791849728
mpayroll	0.017331512287819	0.0139578634693674	0.00580533705155525
ctarjeta_visa	0.0170226030586802	0.000568813222662874	0.000675243131374251
mcuenta_corriente	0.0166110149314005	0.00745648619088312	0.0105145001885419
mdescubierto_preacordado	0.0147034705172463	0.00118474287184907	0.0013680250453816
mprestamos_personales	0.0145848237013137	0.0068968799998287	0.00314821148264099
Visa_fultimo_cierre_lag1	0.0120971589634828	0.0028878275737881	0.00569133496444012
mdescubierto_preacordado_delta1	0.0119640499048338	0.00378900267231171	0.000973402436136908
mpasivos_margen	0.0102061749391997	0.00880087684480538	0.0102426490577289
mactivos_margen	0.00882073078337396	0.00803183326415697	0.0139608709759456
mrentabilidad_annual	0.0085391460201249	0.00742425100455699	0.0109091227977866
ctrx_quarter_delta1	0.00843483976922733	0.00725104348118915	0.0120491436689379
numero_de_cliente	0.0082843402246602	0.00968589467200505	0.0161707575877158
cproductos_delta1	0.00816633026195682	0.00393132136500263	0.00130663930616576
cliente_edad	0.00811941196645589	0.00962712243834983	0.0150658142818307
cliente_edad_lag1	0.00806090179909464	0.0084064120084276	0.0138731770627801
ctarjeta_visa_trx	0.00777279106013221	0.00738508719307771	0.0109266615804197
mrentabilidad_annual_delta1	0.00769736577511334	0.00612563034431397	0.012592845930564
Master_status	0.00756762996992978	0.00207695147796513	0.000780475827172836
Master_fechaalta	0.0074621504949157	0.00905189231529722	0.0121719151473696
mcuenta_corriente_lag1	0.00667984667199133	0.00804905011220479	0.00973402436136908
mdescubierto_preacordado_lag1	0.00653864267102129	0.000940828711424501	0.000929555479554164
mprestamos_personales_delta1	0.00635886885929727	0.00819720311563551	0.00332359930897196
Visa_Fvencimiento_lag1	0.00615868977954622	0.00541913915268956	0.0115142107986285
Master_Fvencimiento	0.00615568631338285	0.00608716097784474	0.0107775819280384
Visa_Fvencimiento	0.00597765768970556	0.00747724196034502	0.0110406636675348
Visa_fechaalta_lag1	0.00591962672672503	0.00418218252295834	0.00876062192523217
Visa_fechaalta	0.00577366674693723	0.00521929469183667	0.0100234142748152
mcuentas_saldo_delta1	0.00575184285648419	0.00805358500177358	0.0102251102750958
Master_Fvencimiento_lag1	0.0056755237956675	0.00447508531697924	0.0110669718414845
mrentabilidad	0.00565160773738423	0.00464533473310104	0.00870800557733288
mcaja_ahorro_dolares_delta1	0.00558349351805685	0.00603802104231202	0.00593687792130348
Visa_status	0.00539601519421138	0.000805858583955054	0.000429700174510887
chomebanking_trx	0.00536919832096562	0.00443627467200963	0.00909385879526102
mrentabilidad_annual_lag1	0.00525949578504855	0.00629407239704976	0.00929555479554164
mcaja_ahorro_lag1	0.0052093632247433	0.00642490650082046	0.00981294888321802
Master_fechaalta_lag1	0.00508642154506749	0.00580675603254864	0.00994448975296625
ccaja_ahorro	0.00491078617640642	0.00385496167075032	0.0030955951347417
mprestamos_personales_lag1	0.00478873461999467	0.00343742151359203	0.00159602921961187
mrentabilidad_delta1	0.00478072980871582	0.00452444803689381	0.00836599931598748
mcaja_ahorro_delta1	0.00462743099573506	0.0076947009771928	0.00836599931598748
mcomisiones_mantenimiento	0.00455370553516709	0.00636720588628814	0.00461269983250463
mtransferencias_recibidas	0.00452461638625462	0.00536551126206627	0.00726982540141889
cliente_antiguedad_lag1	0.00451498366798792	0.00520234856618217	0.0089272403602466
mactivos_margen_delta1	0.00448049486619842	0.00447883436281722	0.00798014609805933
mcuenta_corriente_delta1	0.0044091533503131	0.00817058678917954	0.00840984627257022
mactivos_margen_lag1	0.00440267486772108	0.0074182819887769	0.00815553392439031
Visa_mpagominimo	0.00431691995907028	0.00690533669734446	0.00912893636052722
Visa_mpagospesos_lag1	0.00411952501721821	0.00499967969959029	0.00796260731542624
cliente_antiguedad	0.00407265414845301	0.0037221374061521	0.0082432278375558
Visa_mfinanciacion_limite	0.00405820613567576	0.00534853271456826	0.006840125226908
mcuentas_saldo_lag1	0.00400841752203379	0.00667224965717064	0.00780475827172836
Visa_mpagominimo_lag1	0.00373619744539964	0.00518992891585612	0.0068225864442749
mrentabilidad_lag1	0.00371716643419326	0.00304030927930185	0.0068576640095411
Master_mfinanciacion_limite	0.00368535301664064	0.00410038491360058	0.00671735374847632
cproductos	0.00363433198257292	0.0069667659010754	0.00733121114063473
Visa_mpagospesos_delta1	0.00361659212279642	0.0051227242238729	0.0078486052283111
Visa_fultimo_cierre	0.00351752081679925	0.0037252356992739	0.00655073531346189
chomebanking_trx_delta1	0.00349825672009747	0.00566735646369668	0.0068576640095411
Visa_msaldototal	0.00348105261008699	0.00247047500015298	0.0041216139187779
mcaja_ahorro_dolares_lag1	0.00343812441986796	0.00377521675006113	0.00626134540001579
mcomisiones_otras	0.00342195695484838	0.00409695584048011	0.00578779826892215
mtransferencias_recibidas_lag1	0.00338475280519306	0.00531812094816015	0.00706812940113827
ccomisiones_mantenimiento_delta1	0.00334150400032126	0.00428698914270713	0.0013504862627485
mpayroll_lag1	0.00331340880912551	0.00573140326812193	0.00445485078880675
chomebanking_trx_lag1	0.00324139435361668	0.0037578285294119	0.0068225864442749
Master_mfinanciacion_limite_lag1	0.00322636834812429	0.00585019010959777	0.00603334122578552
mpasivos_margen_lag1	0.00311391515227966	0.00420879360016344	0.00659458227004464
Visa_cconsumos_lag1	0.00310930742395695	0.00435070887248726	0.00609472696500136
Visa_Finiciomora	0.00309077439742266	0.00597859689801763	0.00124525356694992
Visa_mpagospesos	0.00298067438973616	0.0046375788105743	0.00681381705295835
Visa_mconsumospesos	0.00292294005364369	0.00271838268255457	0.00624380661738269
thomebanking	0.00284979499358699	0.00161024444426606	0.00142064139328089
Master_fultimo_cierre_lag1	0.00284893819134643	0.00421698629123919	0.00600703305183587
Master_fultimo_cierre	0.00284176237961386	0.00291402689358062	0.00570887374707322
ccomisiones_mantenimiento	0.00283919143717113	0.00277244186089142	0.0013680250453816
Visa_mconsumospesos_lag1	0.0027700786577977	0.00296388875549552	0.00567379618180702
mpasivos_margen_delta1	0.00276209107434661	0.00430532307765363	0.00612103513895101
mcomisiones	0.0027555872084006	0.00302518796307296	0.0051125551375479
mcaja_ahorro_dolares	0.0026584413242448	0.0053034587097964	0.00554225531205879
Visa_msaldopesos	0.00265714629427648	0.00282069513619899	0.0054721001815264
Visa_mpagominimo_delta1	0.00265687292934807	0.00298256497247565	0.00506870818096516
Visa_mfinanciacion_limite_lag1	0.00261795497563973	0.00248687543530325	0.00465654678908737
Visa_mlimitecompra_lag1	0.00258783189726799	0.00345227141267382	0.00445485078880675
mcuenta_debitos_automaticos	0.00254749301375202	0.00703270629555143	0.00392868730981383
Visa_cconsumos	0.00252360478287009	0.00368626611007622	0.00491085913726728
mtarjeta_visa_debitos_automaticos_lag1	0.00249294025201087	0.00445704950860331	0.00471793252830321
ccomisiones_otras	0.00240124083280403	0.00478387025982343	0.00433207931037507
Visa_mlimitecompra	0.00239803809059674	0.00319032013156061	0.00399007304902967
cmobile_app_trx	0.00237217521568649	0.00298449175631859	0.00488455096331764
mtransferencias_emitidas	0.00236209492855186	0.00954045807869649	0.00645427200897986
mtarjeta_visa_consumo_lag1	0.0023301415261671	0.00468633663152279	0.00332359930897196
tcallcenter	0.00222830130014201	0.000956360318363541	0.00111371269720169
mcomisiones_lag1	0.00221118006027177	0.00136627385439481	0.00422684661457648
Visa_mconsumosdolares_lag1	0.00220501034258995	0.00346889355147781	0.00471793252830321
Visa_mconsumospesos_delta1	0.00220113369612922	0.00307053168670488	0.00526163478992923
mcomisiones_mantenimiento_lag1	0.00216291107316437	0.00655582420663051	0.00390237913586418
mtransferencias_recibidas_delta1	0.00214427124007951	0.00364102212221052	0.00472670191961976
Master_mlimitecompra_lag1	0.00211186892444884	0.00259436264675661	0.00360421983110152
mtransferencias_emitidas_lag1	0.00210579915988836	0.00286970098425034	0.00479685705015215
mcomisiones_otras_lag1	0.00206037315945399	0.0017608906102679	0.00413038331009445
ccomisiones_otras_lag1	0.00205657772242316	0.0049955648272847	0.0041216139187779
Master_mlimitecompra	0.00203609989835114	0.00216561649694769	0.00358668104846843
mtransferencias_emitidas_delta1	0.00199846172512654	0.00362890692843401	0.00380591583138214
mpayroll_delta1	0.00198105346973352	0.00826752871883611	0.00479685705015215
mtarjeta_visa_debitos_automaticos_delta1	0.00196058278779783	0.00505091285109597	0.00334113809160506
Visa_msaldopesos_delta1	0.00192512001062519	0.0028535088208472	0.00365683617900082
mtarjeta_visa_debitos_automaticos	0.0019121280259214	0.00240161872402234	0.00378837704874905
mcomisiones_otras_delta1	0.00191123252164356	0.00218529686473828	0.00391114852718073
Visa_msaldopesos_lag1	0.00188043780909465	0.00322817363739286	0.00361298922241807
cprestamos_personales	0.00186683537540006	0.00221592083983165	0.000947094262187262
ccallcenter_trx_delta1	0.00182486393863622	0.00255102135793581	0.0013855638280147
cmobile_app_trx_lag1	0.00180547048972068	0.00315331955179729	0.00391991791849728
mcomisiones_delta1	0.00176966928926402	0.00301477638278321	0.00370945252690011
ccaja_ahorro_delta1	0.00176157424246329	0.00557643974768229	0.000561241044259118
cproductos_lag1	0.00175302158185793	0.00294567470417514	0.00360421983110152
mpagomiscuentas	0.00174733262530402	0.00350501465013845	0.00316575026527409
mautoservicio	0.00172074924990418	0.0062527286025687	0.0037971464400656
ctransferencias_recibidas_lag1	0.00163677468638182	0.00240445339667845	0.00391114852718073
ctarjeta_master	0.0016254573227224	0.000440791482232144	0.000289389913446108
Visa_mconsumosdolares	0.00160964757803859	0.00232559042732762	0.00338498504818781
ctransferencias_recibidas	0.00155186694133002	0.00333102460241902	0.00301667061289276
Visa_msaldototal_delta1	0.00149055126770948	0.00253195708236679	0.00373576070084975
mtarjeta_master_consumo	0.00148364422547982	0.00139229948573995	0.00129786991484921
internet	0.00144360865339752	0.00382721413073529	0.00204326817675585
ctarjeta_visa_trx_lag1	0.00142876173994817	0.00362787375235413	0.00349021774398639
Visa_cconsumos_delta1	0.0014112596457886	0.00318548665225206	0.00297282365631002
Visa_msaldototal_lag1	0.00140965067231943	0.00144686050789743	0.00302544000420931
ccallcenter_trx	0.00137828894560238	0.00623722787357586	0.00240281322073435
ccaja_seguridad_lag1	0.00135079700673565	0.000433962824429821	0.000263081739496462
Master_mpagospesos_lag1	0.00132620349422026	0.00328213601336837	0.00280620522129559
Visa_mconsumosdolares_delta1	0.00129390771833525	0.00227965384712864	0.00293774609104382
mpagomiscuentas_lag1	0.00128081390829712	0.00385504743424589	0.00280620522129559
ctarjeta_debito	0.00127525511397773	0.0018203451693393	0.00255189287311568
mautoservicio_delta1	0.00127045093068661	0.00608252334190997	0.00320959722185683
mtarjeta_visa_consumo_delta1	0.00124935157575483	0.00404714060426397	0.00317451965659064
Master_mpagominimo_lag1	0.0012492835925094	0.00216123221456149	0.00214850087255444
Visa_fultimo_cierre_delta1	0.0012417939264861	0.00201662554325195	0.00235019687283506
mcuenta_debitos_automaticos_lag1	0.00123497367338808	0.00256934965765713	0.00255189287311568
ctarjeta_debito_trx	0.00122624394236533	0.00151599314164657	0.00299913183025966
ctransferencias_emitidas	0.00122407455027278	0.00521925601720906	0.00302544000420931
ctarjeta_visa_debitos_automaticos_lag1	0.00120233859890462	0.00321572758642281	0.00215727026387098
Visa_Finiciomora_lag1	0.00116884661340485	0.0048448668635281	0.000912016696921067
mautoservicio_lag1	0.00116838864161396	0.00283824616081957	0.00315698087395754
Master_mpagominimo	0.00114844398626158	0.00440415720785339	0.00231511930756886
Master_msaldototal	0.00114607319417836	0.00271378078784252	0.00255189287311568
ccomisiones_otras_delta1	0.00113534097176829	0.00145385459429653	0.00223619478571992
cmobile_app_trx_delta1	0.00111478608651558	0.00239035429485853	0.00263958678628116
ccaja_seguridad	0.00109064751243285	0.00312989778046041	0.000622626783474959
Master_mpagospesos	0.00106661068565806	0.00386105365795115	0.00286759096051143
ctransferencias_emitidas_lag1	0.0010576944779151	0.00382672625918531	0.00220988661177028
ctarjeta_debito_lag1	0.00105506238388587	0.00162262997446156	0.00193803548095727
internet_lag1	0.00103935971331551	0.00307156131182095	0.00191172730700762
Master_msaldopesos	0.00103796931779898	0.00267191577362959	0.00189418852437452
Master_fultimo_cierre_delta1	0.00102632114366986	0.00133181036108109	0.00207834574202205
ctarjeta_debito_trx_lag1	0.00102192755127639	0.0038721564410666	0.00290266852577763
mcomisiones_mantenimiento_delta1	0.00100201537180845	0.00775488772956348	0.00151710469776293
Master_msaldototal_lag1	0.000925539567730318	0.00122207060345238	0.00187664974174143
ctarjeta_visa_debitos_automaticos	0.000858494339490128	0.00124814826413686	0.00156972104566222
cplazo_fijo	0.000838437456582348	0.00251770451715426	0.000385853217928144
Master_mpagospesos_delta1	0.000823348570063373	0.00473777658807315	0.00193803548095727
mtarjeta_master_consumo_lag1	0.000812903908104478	0.00122964148988651	0.000876939131654872
ccuenta_debitos_automaticos_lag1	0.000787013374084344	0.00313008829738847	0.00159602921961187
ctarjeta_visa_trx_delta1	0.000776689570426696	0.00172753301059736	0.0016924925240939
mextraccion_autoservicio_lag1	0.000776244355037911	0.00133641912613617	0.00215727026387098
ccomisiones_mantenimiento_lag1	0.000753016841161758	0.0019948721073483	0.00126279234958302
Visa_mpagado	0.000742835153346758	0.00295939925650764	0.00189418852437452
ctransferencias_emitidas_delta1	0.000733340913997671	0.00256255589193401	0.00149956591512983
Master_status_lag1	0.000728875902522772	0.00236691021420552	0.000368314435295046
ctarjeta_debito_trx_delta1	0.000722034357799493	0.00283006574372743	0.00178018643725939
ccajas_consultas_delta1	0.000720289105300433	0.00379669930918174	0.00075416765322319
Master_mconsumospesos	0.000719708599176278	0.00187937994273209	0.0020695763507055
ctransferencias_recibidas_delta1	0.000714519962044326	0.00159102987029391	0.00182403339384213
mextraccion_autoservicio	0.000707100957013079	0.00270100542357624	0.00168372313277735
Master_msaldopesos_lag1	0.000696009841426885	0.00140856089293745	0.00131540869748231
mcuenta_debitos_automaticos_delta1	0.000679821434638095	0.00337514525060193	0.0016924925240939
Master_mconsumospesos_lag1	0.000674931919822241	0.00158555814383738	0.00170126191541045
ccuenta_debitos_automaticos	0.000649200997864663	0.00144150990018488	0.00129786991484921
mprestamos_prendarios	0.00064892508822119	0.00524780777333289	0.000570010435575667
mextraccion_autoservicio_delta1	0.000628945220564166	0.00303077463268421	0.00156972104566222
Master_mfinanciacion_limite_delta1	0.000626268130886874	0.00547296389021988	0.00111371269720169
ctarjeta_visa_debitos_automaticos_delta1	0.000609354537823687	0.00161020167831057	0.000841861566388677
tcuentas_lag1	0.000604220903035629	0.00381347290431184	0.000491085913726728
matm_lag1	0.00059941000311406	0.00186363087785693	0.00173633948067665
mplazo_fijo_dolares	0.000578671043676496	0.00329968340983027	0.000526163478992923
ccajas_trx_delta1	0.000576016454276063	0.0015289666651326	0.000657704348741154
cpagomiscuentas_lag1	0.000563110649049806	0.000973045679762376	0.00126279234958302
cpagomiscuentas	0.000561541300000601	0.00314688304391172	0.00149956591512983
ccaja_ahorro_lag1	0.000553682131542377	0.00113004753062561	0.00095586365350381
Master_msaldototal_delta1	0.000543108794112612	0.00223221791105701	0.00113125147983478
cextraccion_autoservicio_lag1	0.000542254668892281	0.00323634386476274	0.0013680250453816
cextraccion_autoservicio	0.000541277933434826	0.00126814636599386	0.00107863513193549
Master_mpagominimo_delta1	0.000534065920594384	0.00214846024686929	0.00114002087115133
Visa_mpagado_delta1	0.000529227775687623	0.00170875119104122	0.000982171827453456
mplazo_fijo_dolares_delta1	0.000524109312358081	0.00421795431485259	0.000622626783474959
mpagomiscuentas_delta1	0.000514503814447623	0.00140973317416496	0.00137679443669815
matm	0.000509373275345151	0.00121748862501563	0.00150833530644638
thomebanking_lag1	0.000506809572386288	0.000470516754701339	0.000859400349021774
Master_msaldopesos_delta1	0.000477088044687611	0.00171592282563097	0.00095586365350381
ccallcenter_trx_lag1	0.00044909234660396	0.00307992066661131	0.000912016696921067
Visa_mpagosdolares	0.000442904623867191	0.000700921582078425	0.000938324870870713
Visa_msaldodolares_lag1	0.000432921124732794	0.00137415436943447	0.00135925565406505
ctarjeta_master_trx	0.000426178624628899	0.00240938900479406	0.000841861566388677
ccajas_otras_delta1	0.0004231841469996	0.00146044448837985	0.000236773565546815
tcallcenter_lag1	0.000422192837660104	0.00121233965029177	0.000552471652942569
Master_mconsumospesos_delta1	0.000421289811716401	0.00118477606564123	0.000999710610086554
Master_cconsumos	0.000403054898780839	0.00136693888816111	0.000982171827453456
Master_cconsumos_lag1	0.000394630661219892	0.000755389893202439	0.000982171827453456
cprestamos_personales_lag1	0.000383587519641154	0.000858209825892671	0.00061385739215841
mttarjeta_master_debitos_automaticos	0.000370965765894055	0.00323539081695325	0.000789245218489385
tmobile_app	0.000369021129182903	0.000192016978685831	0.000745398261906641
matm_delta1	0.000368407376263879	0.00106650110331854	0.00106986574061894
thomebanking_delta1	0.000363603414198108	0.00107802977050696	0.000771706435856287
catm_trx	0.000360723383117552	0.00169555233574279	0.000990941218770005
cprestamos_personales_delta1	0.000359923612807716	0.00140594591686856	0.000280620522129559
catm_trx_lag1	0.000351303204709819	0.00238129130886911	0.00101724939271965
mtarjeta_master_consumo_delta1	0.000344351584705489	0.00213749224598901	0.000736628870590092
Visa_Fvencimiento_delta1	0.0003329155892304	0.000179460770642708	0.000666473740057703
mttarjeta_master_debitos_automaticos_lag1	0.00032979098402586	0.00142025761334807	0.00061385739215841
Visa_mconsumototal_lag1	0.00032736283953674	0.000263218357635561	0.00061385739215841
Visa_delinquency_lag1	0.000326098951286006	0.000340676303239378	0.000166618435014426
Visa_mfinanciacion_limite_delta1	0.00032581510528397	0.000724615079341876	0.000692781914007349
tpaquete7	0.000325724735985802	0.00145480988075712	0.000280620522129559
mcaja_ahorro_adicional_lag1	0.000312518547932556	0.00446844115490547	0.000710320696640446
Visa_mpagosdolares_lag1	0.000311966215446834	0.00064291774611441	0.000815553392439031
Visa_msaldodolares_delta1	0.000292011516158704	0.00198806514130318	0.000798014609805933
Visa_mpagado_lag1	0.000288979474418881	0.00172206151572543	0.000920786088237615
cseguro_accidentes_personales_lag1	0.000284246206203262	0.000468186318906694	0.000543702261626021
mplazo_fijo_dolares_lag1	0.000282395547667108	0.00234849993353704	0.000596318609525313
ccajas_extracciones	0.000282323266252224	0.00209932116048009	0.000666473740057703
cpagomiscuentas_delta1	0.000276610964325953	0.00141829902522055	0.000736628870590092
Visa_mconsumototal	0.000266299883690439	0.000246948767782321	0.000570010435575667
Master_cconsumos_delta1	0.000265257531963801	0.00080904920213599	0.000605088000841862
mforex_sell_lag1	0.000262854114366582	0.000684348230429433	0.000605088000841862
Master_Fvencimiento_delta1	0.000259926124918288	0.000262290784131687	0.000657704348741154
matm_other_lag1	0.000258136108332523	0.00106699051876582	0.000570010435575667
Visa_mlimitecompra_delta1	0.0002559575363919	0.000486337610801416	0.000526163478992923
Master_fechaalta_delta1	0.000255519704647105	0.000166542364290648	0.000631396174791508
mforex_sell	0.000254912199893685	0.000789474128141946	0.000657704348741154
Visa_mconsumototal_delta1	0.000254537974113854	0.000337460442337422	0.000622626783474959
Visa_msaldodolares	0.000247435199685889	0.000683877032970408	0.000508624696359826
minversion1_pesos	0.000238729313456604	0.0026236922955401	0.000236773565546815
mcaja_ahorro_adicional	0.000238725434653474	0.00178874035628485	0.000368314435295046
Master_mlimitecompra_delta1	0.000226758155370829	0.00080523924954913	0.000438469565827436
ccajas_otras	0.000222970064605086	0.00107319806668031	0.000184157217647523
matm_other_delta1	0.000220795039876291	0.00120698580039487	0.000657704348741154
Master_delinquency	0.000218368724657681	0.000323449728638507	0.000149079652381328
Visa_fechaalta_delta1	0.000218242160263491	0.000381027217360352	0.000534932870309472
ccuenta_debitos_automaticos_delta1	0.000214413357052226	0.00181841066600981	0.000377083826611595
cseguro_accidentes_personales	0.000210395009967107	0.000308772282886249	0.000377083826611595
cextraccion_autoservicio_delta1	0.000204452172222959	0.000634954786958398	0.000561241044259118
ctarjeta_visa_delta1	0.000198676577770353	0.00301986483673252	0.000368314435295046
mprestamos_hipotecarios	0.000191628418043432	0.00117273281747937	8.76939131654872e-05
matm_other	0.000190644916253183	0.000825305514472364	0.000447238957143985
mforex_sell_delta1	0.000188422978217874	0.00119549295162403	0.00048231652241018
tmobile_app_lag1	0.000186740607958027	0.000108347857008843	0.000447238957143985
ccajas_trx_lag1	0.000186128692570649	0.00122140626443987	0.00115755965378443
catm_trx_delta1	0.000184824443286452	0.000453211827311984	0.000499855305043277
cseguro_vida_lag1	0.000177759875776574	0.00240043108101659	0.00041216139187779
minversion2	0.000174730801627885	0.00382473478604509	0.000333236870028851
mttarjeta_master_debitos_automaticos_delta1	0.00017397315815822	0.0016699873261601	0.000438469565827436
cseguro_vivienda	0.000163537095998475	0.0003367967980787	0.000263081739496462
cforex_buy_delta1	0.000152947044715445	0.0017443553156876	0.000157849043697877
Visa_delinquency	0.00014734398835957	0.00012570821031163	0.000122771478431682
mcheques_emitidos_delta1	0.000147328338417721	0.00193912220706722	0.000280620522129559
catm_trx_other	0.000147125032312648	0.0011572010561506	0.000315698087395754
ctarjeta_debito_delta1	0.000145018534888534	0.00269657003818908	0.000298159304762656
tcallcenter_delta1	0.000142149010812072	0.000285895430104945	0.000245542956863364
cpayroll_trx_lag1	0.000141401610462707	0.000333259960925986	0.000526163478992923
tpaquete9	0.000137460969709536	0.000478615268041174	0.000192926608964072
minversion2_lag1	0.000137430230725169	0.00256170350622913	0.000263081739496462
ccheques_depositados_delta1	0.00013178580304376	0.0027656657727925	0.000245542956863364
Master_mconsumosdolares_lag1	0.000131757704588877	0.000205070553247385	0.000263081739496462
ctarjeta_master_trx_lag1	0.000130973858065656	0.000396293119572333	0.000377083826611595
tpaquete9_lag1	0.000125615391627656	0.000512598300512008	0.000184157217647523
minversion1_pesos_delta1	0.000124869209291966	0.000274699164007374	0.000219234782913718
cseguro_vivienda_lag1	0.00012479982473533	0.000247259785895429	0.000192926608964072
active_quarter_lag1	0.000124092892067786	6.66289726763045e-05	0.000201696000280621
Visa_mpagosdolares_delta1	0.00012371341146	0.0010152051923872	0.0006840125226908
catm_trx_other_lag1	0.000118406136478829	0.000566002248830478	0.000254312348179913
cliente_edad_delta1	0.000117887794076544	0.000273339608036149	0.000228004174230267
ccajas_extracciones_delta1	0.000115020875459676	0.0010876926377962	0.000280620522129559
Master_mconsumosdolares	0.000111911969254629	0.000205429123397643	0.000359545043978497
Master_msaldodolares	0.00011171957597945	0.00117541935318858	0.000122771478431682
tmobile_app_delta1	0.000110910494621037	0.000460802089657351	0.000245542956863364
ctarjeta_master_trx_delta1	0.000108299734152043	0.00101804248966873	0.0003420062613454
Master_msaldodolares_lag1	0.000105918058752509	0.00122585662563093	0.000184157217647523
mprestamos_hipotecarios_lag1	9.99957630106955e-05	0.00223899816767866	0.000175387826330974
mcheques_depositados_delta1	9.91311374430678e-05	0.00241289936410791	0.000324467478712303
ctarjeta_master_debitos_automaticos_lag1	9.22668607371092e-05	0.000299562086288317	0.000192926608964072
Master_mconsumototal_lag1	9.16940863801022e-05	0.000110218442989692	0.000157849043697877
internet_delta1	9.08436737618728e-05	0.000186668995598705	0.000210465391597169
active_quarter	8.97146386946474e-05	0.000126631152123574	0.000149079652381328
ccajas_extracciones_lag1	8.82447723510509e-05	0.000815725400078947	0.000324467478712303
mcheques_depositados	8.78092376971764e-05	0.00154545641474225	0.000306928696079205
ccajas_trx	8.72377855652783e-05	0.000149990627203997	0.000210465391597169
Master_mconsumosdolares_delta1	8.6684217123115e-05	0.000240271566306113	0.000192926608964072
cprestamos_hipotecarios	8.5840578044585e-05	0.00069135721543757	5.26163478992923e-05
Master_delinquency_lag1	8.50638894513256e-05	0.000398662924748385	0.000122771478431682
mprestamos_hipotecarios_delta1	7.82638808413626e-05	2.07582396975961e-05	0.000114002087115133
ccajas_depositos_lag1	7.73337827973627e-05	0.000376277417286003	0.000122771478431682
catm_trx_other_delta1	7.55963045857166e-05	0.000156868458135645	0.000149079652381328
Master_mpagado_lag1	7.50208670960036e-05	0.000238587483120317	0.000157849043697877
cpayroll_trx_delta1	7.20167927242122e-05	7.64717811970261e-05	0.000184157217647523
mcaja_ahorro_adicional_delta1	7.17292109931047e-05	0.00148962993715459	0.000219234782913718
Master_mpagosdolares	6.8064444223094e-05	0.00012924304039784	0.000236773565546815
Master_mconsumototal	6.67036288330786e-05	0.000210101574216759	0.000175387826330974
Visa_status_delta1	6.66052987991496e-05	0.000313725800210658	0.000184157217647523
ctarjeta_master_debitos_automaticos	6.63725550974002e-05	0.000313165211097381	0.000149079652381328
mtarjeta_visa_descuentos_delta1	6.58006360396172e-05	0.000712265058784509	0.000157849043697877
cforex_sell_lag1	6.06221484300455e-05	0.00118632606134565	0.000140310261064779
cplazo_fijo_lag1	6.00237463197325e-05	0.000252040000746786	5.26163478992923e-05
Master_status_delta1	5.94283697077749e-05	0.000262755806001472	0.00027185113081301
ccheques_emitidos	5.85394752153799e-05	0.00144113234009771	0.000149079652381328
Master_mconsumototal_delta1	5.77048630145756e-05	8.64030550336132e-05	0.000140310261064779
minversion1_pesos_lag1	5.75158980342749e-05	0.00146783334932112	0.000149079652381328
cseguro_vida	5.68299169801521e-05	0.000114213586058892	0.000122771478431682
mprestamos_prendarios_lag1	5.64628993201588e-05	0.000582545108507596	0.000105232695798585
Master_msaldodolares_delta1	5.57855546772292e-05	0.00159994572286968	0.000201696000280621
Visa_status_lag1	5.55214669140934e-05	0.000242562246745024	7.01551305323897e-05
Master_mpagado_delta1	5.50655337403817e-05	0.000614179795974988	0.000131540869748231
cforex	5.48600569686842e-05	7.97814338605668e-05	0.000114002087115133
cforex_lag1	5.32404639449221e-05	0.000381563258506399	0.000140310261064779
ccajas_consultas	5.31995260212309e-05	0.000679607616544078	0.000149079652381328
Master_mpagado	5.10711749709461e-05	0.0003420624914392	0.000114002087115133
mtarjeta_visa_descuentos_lag1	4.75925303429383e-05	0.000197689025818335	0.000105232695798585
ccajas_consultas_lag1	4.45805921403369e-05	0.000308526648824221	0.000149079652381328
cforex_delta1	4.08564667182491e-05	0.000384596399161711	0.000105232695798585
tpaquete7_lag1	3.92264383883649e-05	0.00108743874388356	0.000280620522129559
mprestamos_prendarios_delta1	3.62741030114441e-05	0.00145478209060553	0.000140310261064779
ccajas_depositos	3.53377322491485e-05	0.000548277226983059	0.000114002087115133
ctarjeta_master_debitos_automaticos_delta1	3.45610353169221e-05	0.000225833115857449	9.64633044820359e-05
mforex_buy	3.4430553060352e-05	0.0010214212317369	7.89245218489385e-05
Master_mpagosdolares_lag1	3.42357875492329e-05	0.000168903214862301	0.000131540869748231
minversion2_delta1	3.41407731086831e-05	0.000255438195921058	7.01551305323897e-05
mforex_buy_delta1	3.00166907658321e-05	0.00127355124169686	9.64633044820359e-05
mcheques_emitidos_rechazados_lag1	2.98949795177731e-05	0.000155506123149263	3.50775652661949e-05
ctarjeta_master_lag1	2.78872777790125e-05	0.000158583805241969	4.38469565827436e-05
cforex_sell	2.69098822397916e-05	0.000204321454272552	7.01551305323897e-05
mcheques_emitidos_lag1	2.64467832698718e-05	0.00109664531232281	0.000114002087115133
cforex_buy	2.50230129556087e-05	0.000424176368160916	3.50775652661949e-05
mtarjeta_visa_descuentos	2.48044608841863e-05	0.000135399562506236	8.76939131654872e-05
ccheques_emitidos_lag1	2.33587171769909e-05	0.000442330979434854	5.26163478992923e-05
ctarjeta_visa_lag1	2.26687627914275e-05	0.000654447108056624	9.64633044820359e-05
mtarjeta_master_descuentos_delta1	1.91905047792479e-05	0.000181623461994617	5.26163478992923e-05
cinversion2	1.90994339412304e-05	0.000748229297478456	7.01551305323897e-05
Master_mpagosdolares_delta1	1.75839285494316e-05	2.64837828718931e-05	9.64633044820359e-05
ccheques_depositados_lag1	1.68015765281084e-05	0.000270086076039829	2.63081739496462e-05
cseguro_auto	1.66687097700535e-05	0.000228601092149761	3.50775652661949e-05
cseguro_auto_lag1	1.64702246607872e-05	0.000165948658580071	3.50775652661949e-05
ctarjeta_visa_descuentos_delta1	1.6383008713775e-05	0.000374998298364632	5.26163478992923e-05
ctarjeta_visa_descuentos_lag1	1.4474277059692e-05	0.000394517406081187	4.38469565827436e-05
ccajas_otras_lag1	1.42095427222425e-05	0.000271057110252981	4.38469565827436e-05
tpaquete7_delta1	1.35914696396129e-05	0.000426251597730211	5.26163478992923e-05
cprestamos_hipotecarios_lag1	1.28401312635193e-05	0.000938186253983496	7.01551305323897e-05
mtarjeta_master_descuentos	1.07148280471321e-05	0.000157600497045203	1.75387826330974e-05
mcajeros_propios_descuentos_lag1	1.01164205453859e-05	7.03537793265159e-05	2.63081739496462e-05
mtarjeta_master_descuentos_lag1	9.48795099093227e-06	6.94330761656714e-05	2.63081739496462e-05
ctarjeta_visa_descuentos	9.31503463087051e-06	0.000156511895051891	3.50775652661949e-05
Master_delinquency_delta1	8.31871580587002e-06	8.70589798057853e-05	2.63081739496462e-05
ccajas_depositos_delta1	8.23847762981053e-06	0.000121329794735211	5.26163478992923e-05
ccheques_depositados	7.45839510492746e-06	0.000166365510853783	3.50775652661949e-05
cforex_sell_delta1	6.90007986450999e-06	2.13468505470502e-05	3.50775652661949e-05
mcheques_depositados_lag1	6.57008388794441e-06	0.000331772647452356	3.50775652661949e-05
tcuentas	6.37650681095403e-06	6.63084595947394e-05	1.75387826330974e-05
cinversion2_lag1	5.75546257813664e-06	0.000115057943497755	1.75387826330974e-05
active_quarter_delta1	5.66637901174187e-06	2.28058335050415e-05	8.76939131654872e-06
ccheques_emitidos_rechazados_lag1	5.61599350842185e-06	4.97206725058989e-05	8.76939131654872e-06
cpagodeservicios_lag1	4.77538356716125e-06	0.000132403243801769	1.75387826330974e-05
cprestamos_prendarios_lag1	4.27782081255795e-06	0.000194800471146109	1.75387826330974e-05
Master_cadelantosefectivo	4.20172338846968e-06	1.55049747104414e-05	6.1385739215841e-05
mcheques_emitidos	3.4595750293435e-06	8.97196552350491e-05	8.76939131654872e-06
cplazo_fijo_delta1	2.31888698144311e-06	2.98404472085247e-06	8.76939131654872e-06
Visa_delinquency_delta1	2.19605946776928e-06	4.48835650386665e-05	8.76939131654872e-06
mcajeros_propios_descuentos_delta1	2.14891831753127e-06	2.24772921574642e-05	8.76939131654872e-06
Visa_cadelantosefectivo_lag1	1.21022963664938e-06	9.67251664742379e-07	8.76939131654872e-06
ccajeros_propios_descuentos_lag1	2.68534464192576e-07	1.49013880570798e-05	8.76939131654872e-06
Visa_madelantopesos	3.30510976748997e-10	5.71465869826126e-06	2.63081739496462e-05
Master_madelantopesos	9.47277837800454e-13	2.01896995131725e-05	7.89245218489385e-05
Master_madelantodolares_lag1	6.08370898786307e-13	1.10288304342972e-06	8.76939131654872e-06
Master_madelantodolares_delta1	4.33014092417419e-14	1.31563209275374e-06	8.76939131654872e-06
Master_madelantopesos_lag1	3.62461065247447e-14	1.46906460742588e-05	7.89245218489385e-05
Master_madelantopesos_delta1	6.83964269838223e-15	1.41590822304108e-06	8.76939131654872e-06
Master_cadelantosefectivo_lag1	3.18182794716213e-15	6.87991519301674e-06	2.63081739496462e-05
