Feature	Gain	Cover	Frequency
ctrx_quarter_normalizado	0.107038279892662	0.0106700907677557	0.00497377953181597
ctrx_quarter	0.0815160849803457	0.00828090813480796	0.00440611991133697
mcaja_ahorro	0.046388914685964	0.00607616091244446	0.00656863275125696
mtarjeta_visa_consumo	0.0458811209946123	0.0107690472341575	0.00600097313077796
mcuentas_saldo	0.0353976630403882	0.0108369477515078	0.0107585013786019
mv_status07_tend6	0.0337016291998505	0.0015283550932857	0.000351408336486998
mdescubierto_preacordado_tend6	0.0332179039999452	0.00245219344400913	0.00118938206195599
ctrx_quarter_normalizado_lag1	0.0284516470568851	0.00168248323747339	0.00154079039844299
mv_status06_tend6	0.0262809010106524	0.00091196287359817	0.000243282694490999
cpayroll_trx	0.0221465889404286	0.0103833317321914	0.00273017246039898
ctrx_quarter_lag1	0.0212164340648892	0.0015075223349068	0.00227063848191599
foto_mes	0.018169802689786	0.0164838541486656	0.0152727469319349
mpasivos_margen	0.0179669139110389	0.00483620232799873	0.00502784235281397
mprestamos_personales	0.0141552869209984	0.01265412905921	0.00467643401632697
mprestamos_personales_tend6	0.0139260357838858	0.00768949142533737	0.00397361734335298
mpayroll	0.0119111754207666	0.0118274181178566	0.00429799426934097
mpayroll_sobre_edad	0.0113609474860417	0.00995338087414206	0.00397361734335298
ccomisiones_mantenimiento_tend6	0.00941151352704465	0.00316813206487297	0.00278423528139698
mes	0.0086094020276573	0.00746271291859008	0.00754176352922096
mdescubierto_preacordado	0.00837676815886971	0.000761004132075611	0.000783910904470995
ctarjeta_visa_trx	0.00819348569984305	0.00649918512892243	0.00673082121425096
mv_msaldototal_lag1	0.00743720468023073	0.000179459170652953	0.000486565388981997
mcuenta_corriente	0.0072420294465429	0.00293554136123824	0.00537925068930097
cproductos_tend6	0.00704035798408409	0.0053951804017868	0.00251392117640699
mdescubierto_preacordado_delta1	0.006707328700721	0.005542490657811	0.00154079039844299
mv_msaldopesos	0.0058074341224556	0.00115170908238916	0.00175704168243499
mprestamos_personales_lag1	0.00562670387002245	0.000918135894789026	0.00118938206195599
mdescubierto_preacordado_avg6	0.00544699601881187	0.00100171443180388	0.00105422500946099
mv_status07	0.00543961077994266	0.000142834084260205	0.000162188462993999
mv_status02	0.00533425319872034	0.000706000830735064	0.000405471157484998
mcuentas_saldo_tend6	0.0051421152389207	0.0027721633755509	0.00486565388981997
cproductos_delta1	0.00475023389913102	0.00281789189987715	0.000865005135967995
cprestamos_personales_tend6	0.00461611468626063	0.0013630773176464	0.000837973725468995
mcaja_ahorro_lag1	0.00456567445793117	0.00270669308333277	0.00421690003784397
mactivos_margen	0.00409946412386043	0.00621906005124038	0.00759582635021896
ctarjeta_visa_tend6	0.00358175270552474	0.000416675165366935	8.10942314969995e-05
mcomisiones_mantenimiento_tend6	0.00350842051898862	0.00715028264726178	0.00567659620478997
mcaja_ahorro_dolares_delta1	0.00348364548314889	0.00864597357424494	0.00370330323836298
mv_fechaalta_tend6	0.00345100682165428	0.0027277693950304	0.00435205709033897
tcallcenter_tend6	0.00343321404105731	0.00392394393151915	0.00235173271341299
tmobile_app	0.00336286171672373	0.0102600544979967	0.00429799426934097
cpayroll_trx_lag1	0.00318472920343616	0.00151021919722521	0.000783910904470995
Visa_fechaalta_tend6	0.00310948939727742	0.00530190343089508	0.00521706222630697
mactivos_margen_avg6	0.00304327247726104	0.0046186698360137	0.00562253338379197
ctarjeta_visa_trx_tend6	0.00301160473189574	0.0029491424500424	0.00364924041736498
ccaja_ahorro	0.00289755515044723	0.00602504594662676	0.00264907822890198
internet	0.00289529809510187	0.00796005990531244	0.00364924041736498
mprestamos_personales_avg6	0.00280512325331113	0.00124696929079669	0.00140563334594799
mcuenta_corriente_tend6	0.00274465883533243	0.00449295447632574	0.00608206736227496
Visa_msaldopesos	0.0027103041893931	0.00279532538257199	0.00340595772287398
cprestamos_personales	0.00270497194054564	0.00156021959491581	0.00121641347245499
mrentabilidad_avg6	0.00267362762694352	0.00220154535415208	0.00454127696383197
mpasivos_margen_lag1	0.00264842254122143	0.000892789437931042	0.00240579553441099
cproductos	0.00250090967753399	0.00703772472172644	0.00535221927880197
mv_msaldototal	0.00245911821340315	0.00105021943927499	0.00159485321944099
mtransferencias_recibidas	0.00242116650842756	0.00520209347861107	0.00435205709033897
cliente_edad_avg6	0.00239325248808838	0.00739218009968453	0.00883927123317295
mcomisiones_mantenimiento	0.00237316903343812	0.00561960447749098	0.00421690003784397
mv_status01	0.00236565156654106	0.000747823367169202	0.000432502567983997
mcuenta_corriente_avg6	0.00234516631572378	0.00538220344150747	0.00729848083472996
mprestamos_personales_delta1	0.00219731182723613	0.00626018562769604	0.00270314104989998
cliente_edad_lag1	0.00213522323914996	0.005157927127244	0.00721738660323296
mtarjeta_visa_debitos_automaticos_tend6	0.00211817478911044	0.00748740389236523	0.00410877439584798
Visa_fultimo_cierre_avg6	0.00207771856617986	0.00170061826943189	0.00367627182786398
thomebanking	0.00207725024047232	0.00218902649137188	0.00259501540790398
ctrx_quarter_normalizado_delta1	0.00200389734379833	0.00359180719703753	0.00364924041736498
cliente_edad	0.00200079912482896	0.00458501034765901	0.00700113531924096
ccaja_ahorro_tend6	0.00196754108779162	0.00798160246175656	0.00143266475644699
ccaja_ahorro_avg6	0.00193124091182076	0.00270182720157019	0.00186516732443099
Master_fechaalta	0.00185378453520068	0.00708634872838622	0.00613613018327296
mrentabilidad_annual	0.00183458590513712	0.00184079116644166	0.00378439746985998
mvr_mpagominimo_avg6	0.001833783437178	0.00314132786795374	0.00354111477536898
Visa_Finiciomora	0.0017804010799028	0.00803292950289184	0.00148672757744499
mcuentas_saldo_delta1	0.00174137143269757	0.00899347626412871	0.00508190517381197
mv_status04	0.00169131251920823	0.000532366695056297	0.000486565388981997
thomebanking_avg6	0.00164576229323994	0.00188109930241247	0.00362220900686598
mactivos_margen_tend6	0.00163948147506063	0.00250123728079409	0.00481159106882197
mrentabilidad_annual_avg6	0.00162425403319579	0.0020706877235071	0.00524409363680597
mv_mpagominimo	0.00161426555644109	0.00351299924367979	0.00327080067037898
mtransferencias_emitidas_avg6	0.00161400015095908	0.00395938680294309	0.00643347569876196
ctarjeta_visa_debitos_automaticos_tend6	0.00159721107155509	0.00256443338001125	0.00248688976590799
ccomisiones_mantenimiento_delta1	0.00159528304421399	0.0038704576229479	0.00148672757744499
Visa_msaldototal	0.00158460704513407	0.00170460795177413	0.00194626155592799
mrentabilidad_annual_tend6	0.00152373633511934	0.00356562330190573	0.00537925068930097
cprestamos_personales_avg6	0.00150652766104903	0.00154677268659573	0.00143266475644699
mrentabilidad_annual_delta1	0.0015014310617179	0.0025513547025831	0.00467643401632697
mcomisiones	0.00149959598583048	0.00204436149843283	0.00354111477536898
mactivos_margen_lag1	0.00149230008475573	0.00173357462565102	0.00370330323836298
ctrx_quarter_delta1	0.00147022672407011	0.00294518992408583	0.00410877439584798
chomebanking_trx_delta1	0.00145895571721799	0.00520055833969992	0.00318970643888198
mv_fechaalta	0.00144946896895587	0.00166803421772836	0.00316267502838298
mcuenta_corriente_delta1	0.00141909604949153	0.00350667821416195	0.00408174298534898
ctrx_quarter_tend6	0.00141250026710132	0.00239615618291305	0.00394658593285398
mcaja_ahorro_delta1	0.00139348450230073	0.00599185554221082	0.00370330323836298
mcuenta_corriente_lag1	0.00139240449112172	0.00197693401520183	0.00386549170135698
mcomisiones_mantenimiento_avg6	0.00138912897238858	0.00418329723173433	0.00346002054387198
Visa_Fvencimiento_tend6	0.0013616611239725	0.00278375308180294	0.00324376925987998
tmobile_app_delta1	0.00133802585771666	0.00509837840253694	0.00132453911445099
mpayroll_avg6	0.00131690119527369	0.00333037462054225	0.00324376925987998
Master_fechaalta_tend6	0.00130215778078764	0.0014957728932293	0.00313564361788398
mcuentas_saldo_lag1	0.00128869656643581	0.00566623327265021	0.00373033464886198
ccomisiones_mantenimiento_avg6	0.00127992380836664	0.00584352046122359	0.00337892631237498
mcuenta_debitos_automaticos	0.00126808214898616	0.00429660445714026	0.00281126669189598
numero_de_cliente	0.00124837747227738	0.00221734903893497	0.00516299940530897
mv_fechaalta_avg6	0.00124603522034058	0.00153168324383116	0.00337892631237498
internet_tend6	0.00124555517929298	0.00246975051517782	0.00221657566091799
mpasivos_margen_avg6	0.00120092957160248	0.00107979740358996	0.00275720387089798
mv_Finiciomora	0.00116252654805642	0.00308413666036833	0.000675785262474996
Visa_fechaalta_avg6	0.00115378393772409	0.00167619010610559	0.00300048656538898
mrentabilidad_annual_lag1	0.00115249391168106	0.00136790826499986	0.00335189490187598
mcaja_ahorro_avg6	0.00114373876164318	0.00276894657071932	0.00443315132183597
Master_fultimo_cierre_tend6	0.00112236370069562	0.00590793827721492	0.00340595772287398
ctarjeta_visa_trx_avg6	0.00111337004010431	0.00296086004338932	0.00324376925987998
internet_avg6	0.00109763568283059	0.00963553799137626	0.00348705195437098
chomebanking_trx	0.0010964394646033	0.00282443549737962	0.00340595772287398
chomebanking_trx_avg6	0.00109311794831252	0.00123875908743708	0.00351408336486998
mpayroll_lag1	0.00108253924639708	0.00138438681343885	0.00145969616694599
ctransferencias_emitidas_avg6	0.00107073979188902	0.00153598017615328	0.00324376925987998
mrentabilidad_tend6	0.00106918700547658	0.00174931177458049	0.00397361734335298
ccallcenter_trx_tend6	0.00105977632377373	0.00213081403867455	0.00173001027193599
ctransferencias_recibidas_avg6	0.00105619281603513	0.00248170561312953	0.00370330323836298
mv_fultimo_cierre_avg6	0.00105365631827542	0.00143180737290944	0.00324376925987998
cpayroll_trx_avg6	0.00105170145068081	0.00124889327560443	0.00102719359896199
Master_status	0.00104362353880682	0.000668607681114179	0.000243282694490999
Visa_fechaalta_lag1	0.00102646303494597	0.0016977559933035	0.00359517759636698
Master_fultimo_cierre_avg6	0.0010161777860935	0.00178681022120131	0.00413580580634698
mv_mpagominimo_avg6	0.00101054301255699	0.00199310235102553	0.00283829810239498
mrentabilidad	0.00100490517729084	0.00160816873791949	0.00359517759636698
mcomisiones_otras_tend6	0.00100169798319532	0.00261524307093934	0.00294642374439098
ccaja_seguridad	0.000993482516694613	0.00484694533774132	0.00118938206195599
mcomisiones_avg6	0.000973595296366333	0.0018463173455696	0.00359517759636698
Visa_status	0.000971659352153086	0.000479582037302913	0.000108125641995999
Visa_cconsumos_tend6	0.000939225618708364	0.00122031717582812	0.00343298913337298
Master_fechaalta_avg6	0.000928106753464962	0.00151345303721035	0.00378439746985998
Visa_mpagominimo	0.000902159354662407	0.00246865779648681	0.00364924041736498
tcallcenter	0.000888716186281434	0.00048483898693864	0.000405471157484998
ccallcenter_trx	0.00088509024629617	0.00477743364050455	0.00178407309293399
mcaja_ahorro_dolares_tend6	0.000876568378031343	0.00227894124141102	0.00227063848191599
mv_cconsumos_tend6	0.000876138765883083	0.00119896657346947	0.00200032437692599
mcomisiones_otras_avg6	0.000868478802143497	0.00109204111160714	0.00294642374439098
Visa_fechaalta	0.000839798550321188	0.00197027475147551	0.00351408336486998
mv_fultimo_cierre_tend6	0.000831058399213606	0.00183854857488499	0.00291939233389198
mcomisiones_tend6	0.00082405189112828	0.00205870954168789	0.00335189490187598
mpayroll_sobre_edad_lag1	0.000822110258626301	0.0011352894163288	0.00127047629345299
ccomisiones_otras_avg6	0.000815243242586645	0.00219835385516457	0.00351408336486998
mv_mpagospesos_tend6	0.000814997122029504	0.00108386115181727	0.00216251283991999
Visa_mfinanciacion_limite	0.000809763890936739	0.00178706290931253	0.00267610963940098
Master_Fvencimiento	0.00080904617756168	0.00126817509435003	0.00370330323836298
Master_fechaalta_lag1	0.000808934081051466	0.0025240057510792	0.00373033464886198
mpagomiscuentas	0.000807760239560552	0.003411711923875	0.00218954425041899
cplazo_fijo	0.000800487547366658	0.00399094059818535	0.000756879493971996
mcaja_ahorro_dolares	0.000798864806091964	0.0022476008793609	0.00256798399740498
Master_Fvencimiento_lag1	0.000788897731194609	0.00111293003661554	0.00335189490187598
cproductos_avg6	0.000787042128002273	0.00308766454191718	0.00405471157484998
mcuentas_saldo_avg6	0.000777015062513454	0.00107715497969707	0.00262204681840298
Visa_Fvencimiento_avg6	0.000774511153214456	0.00127809375079184	0.00327080067037898
ctrx_quarter_normalizado_avg6	0.000750282713161874	0.00100612308016932	0.00210845001892199
mcaja_ahorro_dolares_avg6	0.00074745758066967	0.00118493145857882	0.00264907822890198
cmobile_app_trx_avg6	0.000741542491799027	0.00113063289413468	0.00289236092339298
ccallcenter_trx_delta1	0.000736518604165102	0.00117759696086698	0.000837973725468995
ctrx_quarter_normalizado_tend6	0.000734926092721377	0.00134806613783372	0.00283829810239498
Visa_mpagospesos_tend6	0.000733600104866065	0.00108794810735523	0.00313564361788398
mcomisiones_otras	0.000732885743019552	0.00110705118043154	0.00248688976590799
Visa_Fvencimiento	0.000726239202357893	0.00114944192564728	0.00308158079688598
Master_Fvencimiento_avg6	0.00071982898196787	0.00127211984338867	0.00310861220738498
mtransferencias_recibidas_avg6	0.000719065746766891	0.00114134936360179	0.00281126669189598
Visa_mpagominimo_avg6	0.000716304471510984	0.00119504959913773	0.00254095258690598
mpasivos_margen_tend6	0.000715340333896527	0.00166568065078724	0.00289236092339298
Visa_fultimo_cierre_tend6	0.000713590342892591	0.00151870307403014	0.00213548142942099
ccomisiones_otras_tend6	0.000712973127206616	0.0012462034495451	0.00300048656538898
cliente_antiguedad_avg6	0.000704621456471639	0.00157189904433192	0.00278423528139698
Visa_mpagado_avg6	0.000701500474377196	0.00297197066680813	0.00210845001892199
cmobile_app_trx	0.0006979002638356	0.000585320346470774	0.00127047629345299
Visa_delinquency_tend6	0.000696842318157416	0.0011886721561041	0.000675785262474996
Visa_Fvencimiento_lag1	0.000696459956091719	0.00101869230775136	0.00281126669189598
ccajas_trx_avg6	0.000689327254692844	0.00343421536173471	0.00354111477536898
mautoservicio	0.000688518196561227	0.00233543351392768	0.00132453911445099
mv_Fvencimiento_avg6	0.000686512237045537	0.00105946755257066	0.00302751797588798
cliente_antiguedad	0.000684885519005792	0.00135337987131467	0.00302751797588798
Master_Fvencimiento_tend6	0.00068190023228826	0.000939599817951832	0.00237876412391199
mv_Finiciomora_avg6	0.000681060747690711	0.00145855873616399	0.000486565388981997
mactivos_margen_delta1	0.000675228658161229	0.00124020843336469	0.00232470130291399
mrentabilidad_delta1	0.000638964769088606	0.00167996326917715	0.00270314104989998
Master_mfinanciacion_limite	0.000636453869990665	0.00106081678611029	0.00270314104989998
mpayroll_sobre_edad_delta1	0.000632149512834767	0.00584261290724525	0.00205438719792399
Visa_mpagospesos_lag1	0.00062750714061175	0.00148177728014402	0.00262204681840298
mpayroll_sobre_edad_tend6	0.000625063218727303	0.00227667136892002	0.00221657566091799
Visa_mlimitecompra	0.00062444815659854	0.00116472838366613	0.00210845001892199
ccomisiones_mantenimiento	0.000621262461833067	0.00316905319759691	0.00121641347245499
cliente_antiguedad_lag1	0.000615218079974537	0.00134350454341563	0.00281126669189598
mcaja_ahorro_tend6	0.000611005847835188	0.000968335900039878	0.00248688976590799
chomebanking_trx_tend6	0.000607035172028882	0.00152850791589522	0.00275720387089798
Visa_fultimo_cierre_delta1	0.000606643561872504	0.000316119246177168	0.000919067956965995
mv_mpagominimo_tend6	0.000600578881618592	0.00144013139084576	0.00145969616694599
tmobile_app_avg6	0.00059982174500482	0.000714437552259832	0.00183813591393199
mvr_mpagominimo_tend6	0.00059967489149257	0.00246622584315066	0.00218954425041899
Visa_cconsumos_lag1	0.000594465232704057	0.0028163644144408	0.00251392117640699
mpayroll_sobre_edad_avg6	0.000592235922947187	0.00198124650135982	0.00178407309293399
mv_Fvencimiento_tend6	0.000585593635188353	0.00156455430083932	0.00218954425041899
Visa_mpagominimo_delta1	0.000582787638295446	0.00129813178222397	0.00170297886143699
Visa_mpagominimo_lag1	0.000581436257483504	0.00108282064957523	0.00262204681840298
mtarjeta_visa_debitos_automaticos_avg6	0.000580981612657015	0.000739068532668075	0.00205438719792399
Master_status_avg6	0.000573782232484508	0.000189817408122625	0.000351408336486998
Visa_mpagominimo_tend6	0.000571673108176515	0.00100691361004926	0.00248688976590799
tmobile_app_tend6	0.000568484716048809	0.00127444847481516	0.00186516732443099
Master_mpagospesos_tend6	0.000567672194988021	0.00460282319301747	0.00181110450343299
tcallcenter_avg6	0.000565745799101857	0.00102416651731662	0.00173001027193599
mplazo_fijo_dolares	0.000549494037172681	0.00396416121333761	0.000973130777963994
mvr_msaldopesos_lag1	0.000548983287614573	0.0014842441678893	0.00127047629345299
cmobile_app_trx_tend6	0.000548380051270026	0.00134037019860276	0.00224360707141699
ccallcenter_trx_avg6	0.000545444508789714	0.00123659932622854	0.00229766989241499
Visa_cconsumos_avg6	0.000542372800175246	0.000961057939286974	0.00227063848191599
ctarjeta_debito_avg6	0.000541617421399862	0.00116931466671258	0.00243282694490999
mvr_mpagominimo	0.000539353647018664	0.00440154433606711	0.00308158079688598
Visa_mpagospesos_avg6	0.000533329715274096	0.00124169234337199	0.00229766989241499
mpayroll_tend6	0.000533032729363738	0.00182192103057388	0.00170297886143699
Master_mlimitecompra_avg6	0.000529075884257916	0.00108478388930205	0.00216251283991999
mvr_msaldopesos2_tend6	0.000528788165639093	0.001698433819595	0.00213548142942099
mv_Fvencimiento	0.000528755311335154	0.00092519227510244	0.00259501540790398
ccajas_extracciones_avg6	0.000526171846201972	0.00176614695025607	0.00191923014542899
mtransferencias_recibidas_lag1	0.000525549678099044	0.00295872534113857	0.00237876412391199
ctransferencias_recibidas_tend6	0.000521878784821642	0.0026467277380222	0.00248688976590799
mcomisiones_lag1	0.000521588717847989	0.00075806396332476	0.00213548142942099
Visa_mconsumospesos_tend6	0.00052156340976307	0.00105132141620164	0.00237876412391199
mv_fechaalta_lag1	0.000515765141297422	0.00121904410670697	0.00243282694490999
Visa_fultimo_cierre	0.000515483392024595	0.000955445720289212	0.00213548142942099
mv_mpagominimo_delta1	0.000505548915334378	0.00181796615919762	0.00132453911445099
Visa_cconsumos	0.00050180586492218	0.000707143050125929	0.00189219873492999
ccaja_ahorro_delta1	0.000500048634771604	0.0099144433273744	0.00143266475644699
mv_msaldopesos_avg6	0.000496955468967806	0.00169843764633239	0.00186516732443099
mvr_mpagospesos_tend6	0.000495377938040542	0.000901153574888444	0.00143266475644699
mcomisiones_mantenimiento_lag1	0.000480449226149389	0.00212739503397674	0.00170297886143699
cproductos_lag1	0.000480326186186567	0.00238829063280529	0.00251392117640699
ctarjeta_debito_trx_avg6	0.000476465755835957	0.00167963577452202	0.00267610963940098
mvr_msaldopesos2	0.000472253553700518	0.000967577835706224	0.00210845001892199
mrentabilidad_lag1	0.000471982091277183	0.000546516118296233	0.00189219873492999
Visa_mpagospesos	0.00047084078732688	0.00174526469117732	0.00237876412391199
mforex_sell_avg6	0.000469337772435671	0.00267001306474193	0.00145969616694599
mvr_msaldototal_lag1	0.000468566362981935	0.000427225356922071	0.000892036546466995
mtarjeta_master_consumo	0.000465508612720499	0.00112439790448665	0.000756879493971996
mcomisiones_otras_lag1	0.000465007073428648	0.000589683938089459	0.00189219873492999
Visa_msaldopesos_tend6	0.000464898419822862	0.000969126553362961	0.00181110450343299
Master_mfinanciacion_limite_lag1	0.000462184145651422	0.00264814116199555	0.00189219873492999
ccaja_seguridad_lag1	0.000458057825207186	0.00136536829891465	0.000432502567983997
Visa_mconsumospesos_avg6	0.000453500439823569	0.000625857839799011	0.00218954425041899
ccaja_seguridad_avg6	0.000443850474982298	0.00110927673683464	0.000405471157484998
mvr_msaldototal_avg6	0.000437768291763631	0.000605709943970692	0.00129750770395199
mcuenta_debitos_automaticos_tend6	0.000432588548426698	0.00300898422876805	0.00164891604043899
mtransferencias_emitidas	0.000429530769157603	0.00184712861389736	0.00294642374439098
mv_Fvencimiento_lag1	0.000426635944003624	0.00069757608319505	0.00189219873492999
mv_cconsumos_avg6	0.000420163120921419	0.00126298023661462	0.00143266475644699
ccomisiones_otras	0.00041958715459905	0.00154665319363449	0.00181110450343299
mtransferencias_recibidas_tend6	0.00041943734273626	0.00148122783471997	0.00218954425041899
mv_mpagospesos	0.000418866463993816	0.000779471966744341	0.00135157052494999
Visa_mlimitecompra_lag1	0.00041761265123201	0.000600645442192997	0.00181110450343299
mplazo_fijo_dolares_tend6	0.000413848385212526	0.00341979732621827	0.00102719359896199
mvr_msaldototal_tend6	0.000407949103015455	0.00206127209786804	0.00140563334594799
ccajas_consultas_avg6	0.000407636523614208	0.00302531217657407	0.00186516732443099
ccuenta_debitos_automaticos_tend6	0.000405585592946037	0.00205462468468334	0.00100016218846299
ccomisiones_otras_lag1	0.00040431113334973	0.00268153080364232	0.00164891604043899
Visa_mconsumototal_tend6	0.000403272167144453	0.000730353940631167	0.00167594745093799
ccajas_trx_delta1	0.000403080151225223	0.00157067411803607	0.000702816672973996
Master_fultimo_cierre_delta1	0.000401120273630748	0.000313755680341558	0.00116235065145699
mpayroll_delta1	0.000400917663581423	0.00552938395878965	0.00191923014542899
mpasivos_margen_delta1	0.000400690864821746	0.000978480333987991	0.00173001027193599
mpagomiscuentas_tend6	0.000396715106609822	0.00238992563721813	0.00154079039844299
Visa_mfinanciacion_limite_lag1	0.000396293875694053	0.000648787650270421	0.00170297886143699
cmobile_app_trx_delta1	0.000394640533470598	0.00209146554968791	0.000946099367464994
Visa_msaldototal_tend6	0.000388711395729687	0.00090047402039296	0.00154079039844299
mv_mlimitecompra_avg6	0.000388583419753613	0.00059154891707543	0.00156782180894199
mvr_mpagominimo_lag1	0.000387810120404977	0.00096117990111105	0.00154079039844299
mtarjeta_visa_consumo_tend6	0.000385673183183325	0.000558473067895062	0.00148672757744499
Master_mlimitecompra	0.000381546939893298	0.000530587015281295	0.00156782180894199
mtransferencias_emitidas_lag1	0.000380366197716666	0.00103103402962311	0.00200032437692599
Master_mpagominimo_tend6	0.00037934562694607	0.00135478193851897	0.00108125641995999
mv_mfinanciacion_limite_tend6	0.000379318434102886	0.000934183503220071	0.000729848083472996
cprestamos_hipotecarios_avg6	0.000379297804094413	0.00698632460225123	0.00102719359896199
mvr_msaldopesos2_avg6	0.000378055920191199	0.000981837370228624	0.00256798399740498
Visa_cconsumos_delta1	0.000376407183576284	0.0018336138118493	0.00118938206195599
mv_mlimitecompra_tend6	0.000375537842012491	0.00183147269055518	0.000919067956965995
ctarjeta_visa_trx_lag1	0.000371224750554532	0.000961459252940891	0.00186516732443099
mv_status07_avg6	0.000369669962715163	8.90299095988828e-05	0.000108125641995999
mpagomiscuentas_avg6	0.000368946656171522	0.00071090140002048	0.00159485321944099
mcaja_ahorro_dolares_lag1	0.000368823165525706	0.0008485244554937	0.00194626155592799
mv_mconsumospesos_tend6	0.000367124943126854	0.000762537789669052	0.00156782180894199
Visa_fechaalta_delta1	0.00036589390426129	0.000176845138682677	0.000378439746985998
ctarjeta_visa_debitos_automaticos_avg6	0.000362317703136943	0.00220193345938982	0.00151375898794399
cmobile_app_trx_lag1	0.000361791294751945	0.000750545782217958	0.00151375898794399
ctarjeta_debito_tend6	0.000359706006740993	0.00437071515206709	0.00100016218846299
mtransferencias_emitidas_delta1	0.00035931732051976	0.00207891101183974	0.00151375898794399
Visa_msaldototal_avg6	0.000357717075949813	0.000773456705888676	0.00137860193544899
mvr_mpagominimo_delta1	0.000355547325105287	0.00260478817748966	0.00154079039844299
ctarjeta_master	0.000355493997771825	3.656274760615e-05	8.10942314969995e-05
ctransferencias_emitidas_tend6	0.000353798834955191	0.00160245899883973	0.00156782180894199
Master_mfinanciacion_limite_avg6	0.000349080467455685	0.000543661989415201	0.00175704168243499
ccajas_consultas_delta1	0.000348053232141784	0.00314198865909167	0.000702816672973996
mautoservicio_avg6	0.000347646101023418	0.000750519612271901	0.00170297886143699
mv_mpagospesos_avg6	0.000345841789155898	0.00142823171886472	0.00127047629345299
Visa_msaldopesos_avg6	0.000345800274697974	0.00063009885237791	0.00159485321944099
Visa_msaldopesos_lag1	0.000345601665749052	0.000682862031024625	0.00154079039844299
mv_Finiciomora_lag1	0.000345432432204473	0.00265241562766587	0.000594691030977997
mv_mfinanciacion_limite	0.000345342970922094	0.000527503899372266	0.00124344488295399
tpaquete7_avg6	0.000344896694487906	0.00261610445718267	0.000486565388981997
mv_mpagominimo_lag1	0.000344699000691555	0.00159171426089315	0.00145969616694599
Visa_mfinanciacion_limite_avg6	0.000341948337147265	0.000798208043360152	0.00156782180894199
mcomisiones_delta1	0.000338448595356899	0.00162274280556714	0.00159485321944099
Master_fultimo_cierre_lag1	0.000337468177143093	0.0010594910067676	0.00145969616694599
Visa_mconsumospesos	0.000336122292157361	0.000670178988865862	0.00178407309293399
mvr_msaldopesos_avg6	0.000335112627585168	0.00053183206280926	0.00143266475644699
mvr_msaldopesos_tend6	0.000334182845386217	0.00184621970204446	0.00121641347245499
Visa_mpagospesos_delta1	0.000331169712539252	0.00063537752800659	0.00178407309293399
ctransferencias_recibidas	0.000330766567614131	0.00106557292691982	0.00127047629345299
mtransferencias_emitidas_tend6	0.000327757645034607	0.00119112237902523	0.00173001027193599
Master_mpagominimo_avg6	0.000325798298281033	0.000763756296921535	0.00137860193544899
mv_fultimo_cierre	0.000325099010220984	0.000531372730878707	0.00140563334594799
Visa_Fvencimiento_delta1	0.000324951789699168	0.00010129929378955	0.000324376925987998
chomebanking_trx_lag1	0.000324946118134133	0.000601460537258152	0.00173001027193599
internet_delta1	0.00032384020810717	0.000647935645705874	0.000621722441476996
mvr_mconsumospesos_avg6	0.000321708173645871	0.000546714861754494	0.00137860193544899
mv_fultimo_cierre_delta1	0.000320084818841986	0.000227061314985102	0.000810942314969995
mv_Finiciomora_tend6	0.000320029386271726	0.000657016370101294	0.000270314104989998
cextraccion_autoservicio_avg6	0.000319767749510724	0.000692063853142128	0.00186516732443099
mv_cconsumos_delta1	0.000318172025597203	0.00330865603417796	0.000946099367464994
Visa_mlimitecompra_avg6	0.000316020534357544	0.000653432692252358	0.00132453911445099
Visa_mconsumosdolares_avg6	0.000314475679470131	0.000519386154925851	0.00183813591393199
internet_lag1	0.000312323073982776	0.00036135523236773	0.000675785262474996
Visa_mconsumosdolares_lag1	0.000310076948123281	0.000656122518311684	0.00140563334594799
Master_msaldopesos	0.000309465039512945	0.00162364134819614	0.00105422500946099
Master_msaldototal_tend6	0.000309438771861663	0.000869508431721275	0.000783910904470995
mvr_Visa_mlimitecompra_lag1	0.000308496657205178	0.000579720965559758	0.00132453911445099
mtarjeta_visa_debitos_automaticos_lag1	0.000304703906142024	0.00195718632203915	0.00151375898794399
Master_fultimo_cierre	0.000303966562165594	0.000701318879253736	0.00164891604043899
mvr_mpagospesos_avg6	0.000303154970181185	0.000709103080331069	0.00121641347245499
Master_mpagominimo	0.000301322046744859	0.0011063844640228	0.00105422500946099
Visa_mconsumosdolares_tend6	0.000300481614112247	0.0005573157884409	0.00154079039844299
mv_msaldototal_tend6	0.000300110131948901	0.00188035024942817	0.00140563334594799
Visa_msaldopesos_delta1	0.000298367646304795	0.00186655387357372	0.00124344488295399
Visa_mconsumospesos_lag1	0.000295553479409561	0.000717528321643651	0.00159485321944099
mv_mfinanciacion_limite_lag1	0.000295222742379872	0.000524416339510133	0.00113531924095799
Master_mlimitecompra_lag1	0.000295088981957814	0.000437495579431656	0.00116235065145699
mv_fultimo_cierre_lag1	0.000294475918957015	0.000683079044067869	0.00135157052494999
Master_msaldopesos_avg6	0.000294051231085546	0.000629934055783638	0.00127047629345299
mv_msaldopesos_tend6	0.000292166368011701	0.000768103717488647	0.00121641347245499
Master_msaldototal_avg6	0.000289124540490343	0.000617327918702201	0.00132453911445099
mvr_msaldopesos2_lag1	0.000286491291182865	0.000823943346114735	0.00156782180894199
mv_mlimitecompra	0.000284962086171993	0.000394993241615751	0.00108125641995999
ccaja_ahorro_lag1	0.000284952365010051	0.000630369933517253	0.000459533978482997
matm_avg6	0.000282835430796364	0.000664911423119942	0.00156782180894199
mv_mpagospesos_lag1	0.00028237675194839	0.000249002345890876	0.000892036546466995
mcomisiones_mantenimiento_delta1	0.00028117857407687	0.000926537805347812	0.000621722441476996
Visa_delinquency_avg6	0.000280679394822087	0.000316912738692512	0.000351408336486998
mvr_Visa_mlimitecompra_avg6	0.000280082278861657	0.000510582313497438	0.00124344488295399
mvr_mpagospesos	0.000278443101037384	0.000434922160255026	0.000973130777963994
Visa_mconsumototal	0.000275241143311169	0.000396533812025132	0.00124344488295399
mcomisiones_otras_delta1	0.000274040558128375	0.000953908235958376	0.00118938206195599
mv_cconsumos_lag1	0.000273981527410059	0.00129786218240233	0.00110828783045899
ccuenta_debitos_automaticos_avg6	0.000273932276552109	0.00134688713238661	0.00132453911445099
cpagomiscuentas_avg6	0.000271850291991843	0.00060302320398991	0.00140563334594799
mextraccion_autoservicio_avg6	0.000271483058049865	0.000499765978528631	0.00143266475644699
Visa_fultimo_cierre_lag1	0.000271217366036972	0.000639983808842008	0.00132453911445099
ccajas_depositos_avg6	0.000268253961002308	0.00302184144919986	0.000756879493971996
mv_fechaalta_delta1	0.000266280486631478	3.41030195630962e-05	0.000135157052494999
mv_mconsumospesos	0.000263663618970272	0.000188499776027294	0.000459533978482997
catm_trx_avg6	0.000263007408151291	0.000357569724981989	0.00105422500946099
mvr_Master_mlimitecompra	0.000262880821990013	0.000528736726029195	0.00110828783045899
mvr_Visa_mlimitecompra	0.000260512787598633	0.000595579335654458	0.00121641347245499
mtarjeta_visa_debitos_automaticos_delta1	0.000259763388669522	0.00120073353860087	0.000756879493971996
mvr_Master_mlimitecompra_avg6	0.000259238387724414	0.000536816573431084	0.00121641347245499
Visa_msaldototal_lag1	0.000251626519632194	0.000445239661487911	0.00102719359896199
mvr_mconsumosdolares_avg6	0.0002513102331294	0.000468569057409255	0.00132453911445099
mv_msaldototal_avg6	0.000248132203508138	0.000921852397458514	0.00135157052494999
ctrx_quarter_avg6	0.00024783252130695	0.000886020803581111	0.00202735578742499
mv_mfinanciacion_limite_avg6	0.000246450883331466	0.000367056577313855	0.00116235065145699
mcuenta_debitos_automaticos_lag1	0.000244297418355297	0.000627875147621935	0.000973130777963994
ccajas_consultas_tend6	0.0002427607578574	0.00154114651852294	0.000892036546466995
mtarjeta_visa_debitos_automaticos	0.000241700375702398	0.000608588391150655	0.00121641347245499
Master_msaldopesos_tend6	0.000240444615427046	0.000847931558083744	0.000865005135967995
Visa_mconsumospesos_delta1	0.000239972130442398	0.000453685888134595	0.00124344488295399
ctarjeta_visa_trx_delta1	0.000239682467676772	0.000958598705016487	0.000783910904470995
mvr_mpagospesos_lag1	0.000239574154118496	0.00054223461636683	0.00127047629345299
mv_mconsumospesos_avg6	0.000234370912614267	0.000323877400751585	0.00102719359896199
mplazo_fijo_dolares_avg6	0.00023343952465033	0.00126735864141032	0.000459533978482997
thomebanking_tend6	0.000232998315635625	0.00107018624401432	0.000810942314969995
cforex_sell_avg6	0.000232407897182792	0.000646339155553269	0.00102719359896199
mvr_msaldototal	0.000231427710629178	0.00068038205830632	0.00116235065145699
mvr_Master_mlimitecompra_lag1	0.00023091962036938	0.000526974822066608	0.000946099367464994
cpagomiscuentas_tend6	0.000226234901864997	0.00109486425625958	0.000946099367464994
mplazo_fijo_dolares_delta1	0.000224799408344047	0.00252356987334559	0.000378439746985998
mvr_msaldodolares2_avg6	0.000222824044216957	0.000670002094843695	0.00121641347245499
mv_mpagado_avg6	0.000220850331977277	0.00181905147130012	0.00108125641995999
mforex_buy_avg6	0.000219628574188214	0.00424429505548272	0.000756879493971996
mtarjeta_visa_consumo_delta1	0.000219531805587656	0.000993087237511354	0.000892036546466995
cprestamos_personales_lag1	0.000217914465691991	0.000106275410277734	0.000243282694490999
ctransferencias_emitidas_delta1	0.000216468598637467	0.000829802327952909	0.000675785262474996
mv_status04_delta1	0.000216144854158911	0.00235893535991809	0.000540628209979997
mcuenta_debitos_automaticos_avg6	0.000213475336414257	0.000583106146836716	0.00124344488295399
Master_cconsumos_avg6	0.000212297160502281	0.00063670762785924	0.00105422500946099
mv_cconsumos	0.000210233733862588	0.000842576100820878	0.000946099367464994
ctransferencias_recibidas_lag1	0.00020953886434923	0.00052047936738943	0.00118938206195599
Master_msaldototal_lag1	0.000209290204168141	0.000473513202123718	0.000837973725468995
Master_mfinanciacion_limite_delta1	0.00020829374906693	0.000367217423727591	0.000540628209979997
Visa_msaldototal_delta1	0.000206899731363635	0.000858943920761693	0.000919067956965995
Master_mconsumospesos_avg6	0.000204869398705426	0.000471955843447056	0.000783910904470995
tcuentas_avg6	0.000202049542912854	0.0043931060097815	0.000756879493971996
mtarjeta_visa_consumo_avg6	0.000198273451878713	0.000320448397159296	0.000865005135967995
cprestamos_personales_delta1	0.000193415260745421	0.00160605823052453	0.000324376925987998
Master_mfinanciacion_limite_tend6	0.000193393574247658	0.00047078301015703	0.000729848083472996
tpaquete9	0.000191823699396498	0.000647005625075725	0.000189219873492999
mv_status02_delta1	0.000188846587693227	0.00019297458991672	0.000135157052494999
ccajas_otras_delta1	0.000187392476992332	0.00160652212985133	0.000297345515488998
cplazo_fijo_tend6	0.000187328847251384	0.00164696234998384	0.000351408336486998
mvr_msaldopesos	0.000185719551844095	0.000620401776375597	0.000892036546466995
mvr_msaldodolares_avg6	0.000183376316759706	0.00101188219650579	0.00135157052494999
Visa_Finiciomora_avg6	0.000181739325972286	0.000657366825180799	0.000243282694490999
Master_mpagospesos_avg6	0.000181106122539691	0.000746398092654242	0.00110828783045899
mforex_sell_tend6	0.000178650063509705	0.00257527502082413	0.000729848083472996
mv_mconsumosdolares_avg6	0.00017840529873788	0.000358942042389126	0.00100016218846299
ccomisiones_otras_delta1	0.000175356062396762	0.000330663440584507	0.000621722441476996
mv_mconsumototal_tend6	0.00017385283184358	0.000302245594915963	0.000621722441476996
Master_mpagospesos	0.00017190878541807	0.00181721476079362	0.00140563334594799
Visa_mconsumototal_avg6	0.000170155344012171	0.000256853082821627	0.000919067956965995
ctarjeta_debito_trx_tend6	0.000169429921350722	0.00049306610200867	0.000946099367464994
Visa_mconsumototal_lag1	0.000168715848150133	0.000394666611062609	0.000810942314969995
Master_msaldototal	0.000168246483732943	0.000564030231251591	0.000675785262474996
mv_mlimitecompra_lag1	0.000167498779579361	0.00025015765025477	0.000810942314969995
Visa_mpagado_tend6	0.000166465336735401	0.000758013351636632	0.000540628209979997
cpagomiscuentas	0.000166329990418182	0.000563214889300152	0.000513596799480997
ccajas_otras_tend6	0.000165757561256758	0.0029661859977413	0.000594691030977997
mtarjeta_visa_consumo_lag1	0.000165565297446269	0.000408384477078891	0.000756879493971996
ccuenta_debitos_automaticos	0.000165087944646611	0.000343975302107484	0.000567659620478997
Master_msaldopesos_lag1	0.000164458030844286	0.000798452213894588	0.000675785262474996
mvr_mpagado_avg6	0.000157431026229971	0.000598239288473474	0.000919067956965995
ccajas_trx_tend6	0.000155744351346152	0.000361488674403991	0.000648753851975996
matm_other_avg6	0.000155485027798052	0.000443675019665884	0.000837973725468995
Master_mlimitecompra_tend6	0.000153861564351779	0.00284397358408756	0.000675785262474996
mpagomiscuentas_lag1	0.000151702301789061	0.000805113329268031	0.000783910904470995
ctarjeta_debito	0.000151445723436879	0.00026354616996879	0.000675785262474996
ctarjeta_visa_debitos_automaticos_lag1	0.000147782530848961	0.000389335595541816	0.000837973725468995
mvr_msaldopesos2_delta1	0.000147294391754003	0.000373015671540011	0.000837973725468995
Master_mpagominimo_lag1	0.000147268153348142	0.000662427870550525	0.000675785262474996
mvr_mconsumototal_avg6	0.000146784724442226	0.000202299114517149	0.000702816672973996
ctarjeta_debito_lag1	0.000146054729741696	0.000350041915310127	0.000648753851975996
Master_delinquency_tend6	0.000144109397897566	0.000420407468758571	0.000297345515488998
mvr_mconsumototal	0.000142301543559176	0.000182256268802484	0.000594691030977997
mautoservicio_tend6	0.000141275911179205	0.00077677078391597	0.000756879493971996
Visa_mconsumosdolares	0.000141184690682657	0.000270569714406491	0.000837973725468995
cliente_edad_tend6	0.000138619863034874	0.000265606682891336	0.000756879493971996
mv_mconsumospesos_lag1	0.000137133048653374	0.000163453039117545	0.000486565388981997
ccuenta_debitos_automaticos_delta1	0.000136516201847925	0.00172933521783296	0.000378439746985998
ctarjeta_debito_trx	0.000136508159078406	0.0002817876099155	0.000702816672973996
mvr_mconsumospesos_delta1	0.00013636142363311	0.000723941439745263	0.000783910904470995
mtransferencias_recibidas_delta1	0.00013406715138105	0.000398981689526575	0.000919067956965995
Visa_mconsumototal_delta1	0.000133714064355718	0.000235174368592129	0.000756879493971996
mv_status04_tend6	0.000131727816080877	0.000748611798515733	0.000297345515488998
ctarjeta_debito_trx_delta1	0.000131636602272627	0.000735351906555445	0.000513596799480997
ctransferencias_emitidas_lag1	0.000130951237054021	0.000320761942739411	0.000594691030977997
mvr_mconsumospesos_lag1	0.000130667067378746	0.000377720583445709	0.000675785262474996
mcheques_depositados_avg6	0.000130030949896471	0.00145880648654954	0.000459533978482997
mv_status02_avg6	0.000128551317565968	0.000330599003264499	0.000243282694490999
cplazo_fijo_avg6	0.000126284418760592	0.00104951951666111	0.000243282694490999
Visa_mconsumosdolares_delta1	0.000125295981852561	0.00031730158458911	0.000729848083472996
catm_trx_other_avg6	0.000125088974850872	0.000307501803892839	0.000675785262474996
Visa_mpagosdolares_avg6	0.000124749583329441	0.000247890493512888	0.000675785262474996
Visa_mpagado	0.000124056940143102	0.000767512548282676	0.000594691030977997
Master_mlimitecompra_delta1	0.000123949586934518	0.000286222798556415	0.000378439746985998
cpayroll_trx_tend6	0.000123867992580354	0.000845070516386772	0.000729848083472996
mvr_msaldototal_delta1	0.000122834772788388	0.000616167676612637	0.000675785262474996
mv_msaldototal_delta1	0.000122766543223814	0.000513648888025469	0.000675785262474996
mv_mpagospesos_delta1	0.000121858011097334	0.000557822892867321	0.000648753851975996
Master_cconsumos_tend6	0.000121709387277328	0.000257803841899595	0.000594691030977997
Master_fechaalta_delta1	0.000121351044783378	5.0961772878759e-05	0.000216251283991999
ccajas_consultas	0.000121196508852095	0.00131591759353438	0.000324376925987998
mextraccion_autoservicio_tend6	0.000120974679972519	0.000281481594367034	0.000540628209979997
mvr_mconsumosdolares_tend6	0.000120128437791575	0.000549912039126525	0.000459533978482997
ctarjeta_visa_descuentos_avg6	0.000118838531235272	0.00158438544156583	0.000459533978482997
mv_mfinanciacion_limite_delta1	0.00011673487927577	0.000417669006101384	0.000270314104989998
cextraccion_autoservicio_tend6	0.000116026195246028	0.00073798470188327	0.000594691030977997
Master_mconsumosdolares_tend6	0.000115883714588231	0.000123204032411643	0.000567659620478997
ccallcenter_trx_lag1	0.000115087298736469	0.00108631088096584	0.000756879493971996
tmobile_app_lag1	0.000114792782335352	0.000169142903851485	0.000540628209979997
mvr_Visa_mlimitecompra_tend6	0.000114770034948174	0.000722268661731039	0.000540628209979997
Visa_msaldodolares_avg6	0.000109723220372336	0.000296539188801025	0.000540628209979997
mv_mconsumosdolares_delta1	0.00010883225332947	0.00028485344378468	0.000459533978482997
Master_Finiciomora_avg6	0.000108496525673232	0.00210140333981669	0.000324376925987998
Visa_mfinanciacion_limite_tend6	0.000108201215199031	0.000173509704991856	0.000378439746985998
mvr_mpagosdolares_avg6	0.000107853539500919	0.00048999891026493	0.000486565388981997
mautoservicio_lag1	0.000107230848669624	0.000424314444195822	0.000756879493971996
Master_mpagospesos_lag1	0.000104875226050127	0.000433797840119718	0.000648753851975996
mv_status01_avg6	0.00010401883042804	0.000156998937892863	0.000135157052494999
mvr_mconsumospesos_tend6	0.000103429302932116	0.000248275142342666	0.000567659620478997
cforex_avg6	0.000103115563665485	0.000248775951168857	0.000486565388981997
mv_mconsumosdolares_tend6	0.000102911897952818	0.00043530656219852	0.000486565388981997
mv_msaldopesos_delta1	0.000101464552617718	0.000375342698205654	0.000567659620478997
mv_msaldodolares_avg6	9.93124639865464e-05	0.000631885198082569	0.000594691030977997
mvr_mpagospesos_delta1	9.88995378385534e-05	0.00045663605577993	0.000729848083472996
mvr_mconsumospesos	9.69563554369049e-05	0.000159846894616806	0.000513596799480997
cextraccion_autoservicio	9.36954431414922e-05	9.47465614945879e-05	0.000270314104989998
Master_mconsumototal_avg6	9.34231797115409e-05	0.000223131008794055	0.000378439746985998
thomebanking_lag1	9.33655619941172e-05	0.000234720961932381	0.000351408336486998
mv_mconsumototal_lag1	9.31907567668741e-05	0.000198936276448853	0.000432502567983997
ctarjeta_visa_debitos_automaticos_delta1	9.24059269788234e-05	0.000208690012853242	0.000216251283991999
mextraccion_autoservicio_lag1	9.20646536949801e-05	0.000241383928952951	0.000729848083472996
matm_lag1	9.02085533506216e-05	0.000466166113211419	0.000540628209979997
mv_mconsumototal	9.02042830130719e-05	0.000118168539772264	0.000432502567983997
mvr_msaldodolares2_delta1	8.94201596800778e-05	0.00171783525474499	0.000405471157484998
Visa_status_avg6	8.9367141375103e-05	7.27447965630588e-05	8.10942314969995e-05
mtarjeta_master_consumo_lag1	8.92722295633097e-05	0.000411864339245592	0.000270314104989998
cseguro_accidentes_personales_avg6	8.87203537253291e-05	0.000278832504544494	0.000324376925987998
Master_mconsumospesos_tend6	8.82628069815873e-05	0.000179929859352549	0.000621722441476996
mv_status05_tend6	8.51715527681477e-05	0.000876751087735631	0.000297345515488998
ctarjeta_master_trx_avg6	8.41779916819599e-05	0.000213059529742732	0.000567659620478997
Master_mpagospesos_delta1	8.39097955857683e-05	0.000233181255624993	0.000459533978482997
Master_mconsumototal_tend6	8.3652973348659e-05	0.00023866398276703	0.000459533978482997
mv_msaldopesos_lag1	8.31759497923703e-05	0.000230707578506918	0.000405471157484998
mvr_mconsumosdolares_lag1	8.27293125610462e-05	0.000175163472762246	0.000486565388981997
Master_mconsumosdolares_avg6	8.23799350995985e-05	0.000152369573189932	0.000405471157484998
catm_trx_tend6	8.17868295275733e-05	0.000404890172064602	0.000567659620478997
ccheques_depositados_avg6	8.17276142282759e-05	0.000877911823597763	0.000270314104989998
minversion1_pesos	8.04702460640083e-05	0.00112519781604537	0.000162188462993999
mextraccion_autoservicio_delta1	7.9769185411416e-05	0.00064580094345512	0.000486565388981997
matm_tend6	7.74435959202165e-05	0.000266710264578825	0.000405471157484998
Visa_mpagosdolares_tend6	7.67310948646123e-05	0.000215870823853567	0.000405471157484998
Master_msaldopesos_delta1	7.52211379791063e-05	0.000290954621067022	0.000324376925987998
thomebanking_delta1	7.49757996149352e-05	0.000173754739628283	0.000189219873492999
Visa_mpagosdolares	7.35935536753876e-05	0.000250660681057512	0.000189219873492999
Master_mpagominimo_delta1	7.33411263410235e-05	0.000148041286309796	0.000297345515488998
mvr_mconsumototal_tend6	7.28172668799781e-05	0.000137746375171855	0.000405471157484998
mprestamos_prendarios_lag1	7.22975648857945e-05	0.0020503091124468	0.000297345515488998
Visa_Finiciomora_lag1	7.17434091848726e-05	0.00122947678039114	0.000189219873492999
mv_status05_delta1	6.99165387081736e-05	0.000515959496753256	0.000189219873492999
ctarjeta_master_trx_tend6	6.95095514484596e-05	0.000472130021720104	0.000351408336486998
mvr_mconsumototal_lag1	6.8400664447225e-05	0.000125985329839026	0.000459533978482997
mv_mconsumospesos_delta1	6.74786407518336e-05	0.000239719051299801	0.000405471157484998
cpayroll_trx_delta1	6.71661884527693e-05	0.000328854751671186	0.000270314104989998
ctransferencias_emitidas	6.58057928565515e-05	0.000491964495411449	0.000621722441476996
mv_mpagado_tend6	6.5433393149618e-05	0.000609159562567658	0.000378439746985998
ctarjeta_master_descuentos_avg6	6.51579087105236e-05	0.000954636920824287	0.000189219873492999
mdescubierto_preacordado_lag1	6.48200235217678e-05	8.50057866200857e-05	0.000162188462993999
Visa_status_delta1	6.39592455645264e-05	2.85262287470247e-05	0.000108125641995999
cpagomiscuentas_lag1	6.36272600278932e-05	0.000124118746092212	0.000378439746985998
matm_other_tend6	6.18689524920034e-05	0.000453930428998456	0.000243282694490999
mvr_mconsumototal_delta1	6.1534833981318e-05	0.000267410434078986	0.000270314104989998
Visa_delinquency_delta1	5.89766360353178e-05	1.40165984193831e-05	5.40628209979997e-05
ccheques_emitidos_avg6	5.81449060814582e-05	0.000831094160431608	0.000189219873492999
Master_mconsumospesos_lag1	5.66951889958006e-05	0.000149362621699379	0.000378439746985998
mtarjeta_master_consumo_avg6	5.62712021670629e-05	0.000113366601557129	0.000243282694490999
Master_mpagado_avg6	5.60648296725088e-05	0.000101582719243071	0.000162188462993999
cextraccion_autoservicio_lag1	5.57974300897165e-05	0.000139706035047569	0.000459533978482997
cforex_tend6	5.57497847968767e-05	0.000250125801924191	0.000297345515488998
ctarjeta_visa_debitos_automaticos	5.56572825022e-05	0.000161018616918556	0.000297345515488998
Master_msaldototal_delta1	5.50676354446207e-05	0.000260007055094036	0.000243282694490999
ccuenta_debitos_automaticos_lag1	5.47430923967365e-05	0.000555762873717342	0.000351408336486998
Visa_mlimitecompra_tend6	5.44484043693759e-05	0.000161186005818806	0.000216251283991999
cforex_sell_tend6	5.34217032915525e-05	0.000718655727857503	0.000351408336486998
mv_mconsumototal_delta1	5.14847504713191e-05	0.000176604671442495	0.000297345515488998
ctarjeta_debito_trx_lag1	5.09979519233279e-05	0.000294164759968939	0.000621722441476996
mvr_mconsumosdolares	4.99104506721413e-05	0.000181153551216987	0.000486565388981997
Master_mconsumototal	4.87758259847921e-05	0.000124025052747603	0.000243282694490999
mprestamos_prendarios	4.85004057426703e-05	0.000749040516547126	0.000108125641995999
ccajas_extracciones_tend6	4.83901153890899e-05	0.000173138141135106	0.000216251283991999
mv_mpagosdolares_avg6	4.75564650203647e-05	0.000176270510857704	0.000216251283991999
ctarjeta_master_trx	4.74491541394597e-05	3.54984208377464e-05	5.40628209979997e-05
mv_status03_avg6	4.58037564343571e-05	4.59678805781598e-05	0.000135157052494999
mv_status06_avg6	4.56385547277639e-05	9.90443579187052e-05	0.000108125641995999
mforex_sell_delta1	4.43215318871315e-05	0.000285037127179645	0.000216251283991999
active_quarter_tend6	4.35937712533201e-05	0.000370694323258889	0.000162188462993999
Visa_mlimitecompra_delta1	4.34598039300383e-05	0.000106807450218794	0.000135157052494999
mv_mconsumosdolares	4.2671400073525e-05	0.000135929292124894	0.000243282694490999
mtarjeta_master_consumo_tend6	4.25344237614545e-05	0.000146181738822063	0.000162188462993999
mv_mpagado	4.23176510369376e-05	0.000654765631297269	0.000405471157484998
Master_cconsumos_lag1	4.23054902335694e-05	9.84499791910476e-05	0.000243282694490999
mvr_mpagado	4.22000892601562e-05	0.000281248904044784	0.000189219873492999
minversion1_pesos_avg6	4.19185955636354e-05	0.000873887700618965	0.000162188462993999
Visa_delinquency_lag1	4.16096948114038e-05	0.000242716374225294	8.10942314969995e-05
mttarjeta_master_debitos_automaticos_avg6	4.13874306131283e-05	0.000177747754935353	0.000216251283991999
cforex_buy_tend6	4.01548883291717e-05	0.000856723302084262	0.000135157052494999
mv_mconsumosdolares_lag1	4.00109742024236e-05	8.79271920133864e-05	0.000324376925987998
mvr_Master_mlimitecompra_tend6	3.98869344747801e-05	0.000287214170428029	0.000162188462993999
mprestamos_prendarios_avg6	3.93692713459025e-05	0.00085187507269096	0.000135157052494999
Visa_Finiciomora_tend6	3.92818676002099e-05	0.000413007669624733	8.10942314969995e-05
mcaja_ahorro_adicional_avg6	3.90867364857705e-05	0.000831188717878209	0.000135157052494999
ctransferencias_recibidas_delta1	3.87654416274146e-05	0.000124365015160058	0.000270314104989998
mv_mconsumototal_avg6	3.74038700630986e-05	0.000103150694029926	0.000351408336486998
Master_cconsumos_delta1	3.70620975535562e-05	7.01015085681822e-05	0.000135157052494999
mvr_mpagado_tend6	3.63128785342991e-05	0.000335257870878315	0.000297345515488998
Master_status_lag1	3.5752733408554e-05	0.000365161848530716	8.10942314969995e-05
Master_mconsumospesos_delta1	3.57389368372739e-05	0.000188572977810368	0.000216251283991999
Visa_delinquency	3.57377685399474e-05	0.00019588550264297	5.40628209979997e-05
catm_trx_lag1	3.54840225457253e-05	0.000150624087165201	0.000162188462993999
Master_mconsumospesos	3.53006257115327e-05	0.00021239960270679	0.000297345515488998
mautoservicio_delta1	3.52223838322226e-05	0.000135264674249565	0.000324376925987998
mcuenta_debitos_automaticos_delta1	3.47476001105516e-05	0.000270629954659678	0.000243282694490999
mv_status01_lag1	3.4605778825403e-05	0.000504425957130722	0.000108125641995999
mv_status01_tend6	3.46038598581693e-05	3.29157434254824e-05	8.10942314969995e-05
mv_mlimitecompra_delta1	3.39637460449294e-05	0.000171443019912221	5.40628209979997e-05
Master_Fvencimiento_delta1	3.36789928059141e-05	7.94383774827892e-05	0.000324376925987998
ccajas_otras	3.3484854528684e-05	0.00051377813299491	8.10942314969995e-05
catm_trx_other_tend6	3.31657710322907e-05	0.000233884264317415	0.000162188462993999
mvr_mpagosdolares_tend6	3.29989042824266e-05	0.000253780336136507	0.000135157052494999
ctarjeta_visa_avg6	3.29952031256383e-05	0.000165689581960266	8.10942314969995e-05
mv_status05_avg6	3.29334097725322e-05	0.000213194946869261	0.000216251283991999
ccajas_trx_lag1	3.28202790950142e-05	0.000319712058818595	0.000270314104989998
Master_mpagado_tend6	3.22685879768536e-05	0.000105235525251402	0.000135157052494999
ccajas_depositos_lag1	3.1424621915541e-05	0.000466159200395479	0.000108125641995999
mvr_msaldopesos_delta1	3.1338426559578e-05	0.000202620930787763	0.000297345515488998
mcaja_ahorro_adicional	3.13227823415406e-05	0.000861699295129304	0.000135157052494999
mvr_mconsumosdolares_delta1	3.12744602357499e-05	0.000572032556360444	0.000378439746985998
cseguro_vida_avg6	3.07314596959842e-05	0.000218657305892905	0.000216251283991999
mv_status06_delta1	2.90215431646906e-05	9.06010939074238e-05	8.10942314969995e-05
Master_mconsumototal_delta1	2.85034818191403e-05	6.81123457815834e-05	0.000108125641995999
mplazo_fijo_dolares_lag1	2.74613845269394e-05	0.000193619086559939	8.10942314969995e-05
mforex_sell_lag1	2.73606625847459e-05	6.31653618748595e-05	0.000108125641995999
active_quarter	2.69845295424384e-05	4.1521828940768e-05	0.000108125641995999
mforex_buy_tend6	2.61493328025382e-05	3.34777800499943e-05	0.000108125641995999
mpagomiscuentas_delta1	2.56467812349129e-05	0.00019122984455084	0.000270314104989998
tpaquete9_avg6	2.55634794538957e-05	0.000373252065156514	8.10942314969995e-05
Visa_mpagosdolares_lag1	2.50737996849943e-05	7.87201852839291e-05	0.000108125641995999
ctarjeta_visa_descuentos_tend6	2.47197472506948e-05	0.000344035048588104	0.000135157052494999
mextraccion_autoservicio	2.43693327053636e-05	5.33844679792797e-05	0.000243282694490999
tcallcenter_lag1	2.40911852506762e-05	0.000119520118731584	0.000135157052494999
Master_cconsumos	2.39677565850832e-05	5.07745096326829e-05	0.000189219873492999
mv_status05	2.38382029639307e-05	4.16956368843904e-05	8.10942314969995e-05
matm_delta1	2.3617416809841e-05	0.000172392174229346	0.000189219873492999
Master_status_tend6	2.34994195007618e-05	2.11093944596212e-05	8.10942314969995e-05
mvr_msaldodolares_lag1	2.34013124878414e-05	0.000213046321326562	0.000189219873492999
mv_Fvencimiento_delta1	2.33683603612155e-05	1.64174440838092e-05	8.10942314969995e-05
Visa_madelantopesos	2.32081045538624e-05	9.24691589719391e-05	5.40628209979997e-05
Visa_mpagado_lag1	2.30348999042092e-05	4.40692016144837e-05	8.10942314969995e-05
mv_mpagosdolares_tend6	2.26596960999976e-05	0.000367932159518481	0.000108125641995999
Master_delinquency	2.21031601449278e-05	8.18407044649166e-05	5.40628209979997e-05
minversion1_pesos_lag1	2.18435852236541e-05	0.000359771950631295	5.40628209979997e-05
Master_mconsumototal_lag1	2.15819505311396e-05	6.48302395280095e-05	0.000135157052494999
Master_Finiciomora_lag1	2.10231838407402e-05	0.000105402296935943	5.40628209979997e-05
Visa_status_tend6	2.063885950726e-05	7.21284449561649e-05	8.10942314969995e-05
cinversion1	2.05867003042073e-05	0.000543638535218263	8.10942314969995e-05
mttarjeta_master_debitos_automaticos_tend6	1.89029662107632e-05	0.000172248486412317	0.000162188462993999
Visa_mpagado_delta1	1.87936520094778e-05	4.96653730038142e-05	0.000135157052494999
Master_mpagosdolares_tend6	1.87892596165127e-05	2.02412188435017e-05	8.10942314969995e-05
mtarjeta_master_consumo_delta1	1.81359627851335e-05	0.000212742157425222	0.000108125641995999
Master_mpagado_lag1	1.78562064412118e-05	2.73359899740083e-05	2.70314104989998e-05
mcheques_emitidos_avg6	1.769311370652e-05	0.000268806699455628	5.40628209979997e-05
mttarjeta_master_debitos_automaticos_lag1	1.69033010543309e-05	6.33097903507389e-05	0.000108125641995999
Master_msaldodolares_tend6	1.68410470573896e-05	3.92470187240966e-05	5.40628209979997e-05
Visa_msaldodolares_tend6	1.67087855622661e-05	7.17434257969616e-05	0.000135157052494999
mvr_Master_mlimitecompra_delta1	1.57549051658411e-05	4.26815772577654e-05	8.10942314969995e-05
tcuentas_tend6	1.55091239402802e-05	0.000201740410857465	5.40628209979997e-05
mcaja_ahorro_adicional_lag1	1.53961676848595e-05	0.00036966851075072	5.40628209979997e-05
Visa_mfinanciacion_limite_delta1	1.53199763126309e-05	7.89337419192038e-05	5.40628209979997e-05
ctarjeta_master_debitos_automaticos_avg6	1.52186175911501e-05	0.000112337085754706	5.40628209979997e-05
mvr_msaldodolares_delta1	1.49021123972595e-05	0.000233600468534469	0.000108125641995999
catm_trx	1.47069402719443e-05	3.46406144455362e-05	8.10942314969995e-05
cseguro_vida	1.44186502188979e-05	5.44606452892939e-05	5.40628209979997e-05
Master_mconsumosdolares	1.42991807955934e-05	4.45644554992941e-05	8.10942314969995e-05
Master_mpagosdolares_lag1	1.42148928084757e-05	1.91119609825233e-05	8.10942314969995e-05
mv_msaldodolares_tend6	1.41049850281616e-05	0.000165105572456518	0.000108125641995999
Master_delinquency_delta1	1.37470431288021e-05	5.12029807777918e-05	5.40628209979997e-05
Visa_msaldodolares_lag1	1.36027168427515e-05	6.35817355920742e-05	8.10942314969995e-05
mtarjeta_visa_descuentos_avg6	1.34753573541254e-05	2.3257675455971e-05	8.10942314969995e-05
Master_mpagosdolares_delta1	1.33327276794658e-05	1.86131272466014e-05	5.40628209979997e-05
cseguro_accidentes_personales_lag1	1.33199148565707e-05	4.38403380296286e-05	5.40628209979997e-05
matm	1.31573684269531e-05	7.24001433112167e-05	0.000189219873492999
cforex_buy_avg6	1.30689959641649e-05	0.000171896796901394	2.70314104989998e-05
cseguro_vivienda	1.30136989496797e-05	7.30664893905304e-05	5.40628209979997e-05
matm_other	1.25301744860504e-05	0.000172461425831883	0.000108125641995999
mvr_msaldodolares_tend6	1.20438967401814e-05	0.000177747754935353	0.000135157052494999
mv_status07_delta1	1.20216438117353e-05	7.49818331783464e-06	2.70314104989998e-05
Master_status_delta1	1.15180370911442e-05	2.10006410517155e-05	2.70314104989998e-05
Visa_msaldodolares_delta1	1.14618389694609e-05	7.36917289036322e-05	8.10942314969995e-05
mvr_mpagosdolares	1.12487448137107e-05	0.000100671461970471	8.10942314969995e-05
mv_msaldodolares_delta1	1.08191834858287e-05	0.00012725247368937	5.40628209979997e-05
tpaquete9_lag1	1.07629496291478e-05	8.4782231090327e-05	2.70314104989998e-05
mvr_msaldodolares2_lag1	1.01456204332717e-05	3.85925231863935e-05	8.10942314969995e-05
Master_mconsumosdolares_lag1	9.88696214779346e-06	2.44139673649986e-05	0.000108125641995999
ctarjeta_master_trx_lag1	9.81556575862818e-06	3.47624528264703e-05	8.10942314969995e-05
active_quarter_avg6	9.44098284198946e-06	8.88012929003113e-06	5.40628209979997e-05
cpagomiscuentas_delta1	9.31891518745982e-06	6.56290400984501e-05	8.10942314969995e-05
matm_other_lag1	9.28812129555648e-06	1.31596561291654e-05	2.70314104989998e-05
Master_msaldodolares_avg6	8.99777215478393e-06	4.58523377974563e-05	5.40628209979997e-05
catm_trx_other	8.98803446406487e-06	0.000129220774585008	2.70314104989998e-05
Master_mpagosdolares_avg6	8.66269091378738e-06	0.000158407424140541	5.40628209979997e-05
Master_mconsumosdolares_delta1	8.17920199291714e-06	4.97682011409147e-05	0.000108125641995999
mttarjeta_master_debitos_automaticos_delta1	7.81579804296649e-06	0.000117149516636893	2.70314104989998e-05
mv_status02_tend6	7.76409730518704e-06	3.89770485730297e-05	5.40628209979997e-05
mcheques_depositados_tend6	7.17075164663074e-06	5.87491834777778e-05	2.70314104989998e-05
mvr_msaldodolares2_tend6	7.16200886747848e-06	8.6209357252414e-05	0.000135157052494999
mforex_sell	7.08596739320521e-06	2.83535317916783e-05	5.40628209979997e-05
Master_msaldodolares_lag1	6.98722524303461e-06	3.41093151633268e-05	2.70314104989998e-05
mv_status01_delta1	6.84630913947194e-06	6.22228734873901e-05	2.70314104989998e-05
mv_status04_lag1	6.51996099361419e-06	4.99265786918149e-06	2.70314104989998e-05
mvr_mpagado_delta1	6.33324443515115e-06	0.000181938402712407	0.000135157052494999
ccajas_otras_avg6	6.31599340245309e-06	1.70879872299433e-05	2.70314104989998e-05
ccomisiones_mantenimiento_lag1	6.30429846768292e-06	5.84318111602685e-06	2.70314104989998e-05
catm_trx_other_lag1	6.0868881949248e-06	1.47296060062886e-05	2.70314104989998e-05
Master_mpagado	5.82352591926408e-06	6.78912591146603e-06	2.70314104989998e-05
Visa_msaldodolares	5.67391670616659e-06	4.07072276481799e-05	5.40628209979997e-05
cseguro_vida_tend6	5.65846192847199e-06	0.000140111545768308	2.70314104989998e-05
cseguro_vivienda_avg6	5.65382496543979e-06	2.06237691398695e-05	2.70314104989998e-05
Visa_mpagosdolares_delta1	5.44717579627787e-06	2.11597592614664e-05	5.40628209979997e-05
mv_status03_delta1	5.37378288304637e-06	0.00012540773937865	2.70314104989998e-05
ccajas_extracciones_lag1	5.36643822925032e-06	2.268736814096e-05	5.40628209979997e-05
Master_mpagosdolares	5.23937999008714e-06	4.99673149286014e-06	2.70314104989998e-05
mtarjeta_visa_descuentos_tend6	5.15732440436584e-06	2.60853875046628e-05	2.70314104989998e-05
ccheques_depositados_tend6	4.27080050276511e-06	5.26324523595726e-06	2.70314104989998e-05
ccajas_depositos_tend6	4.25103428586557e-06	3.2999684761891e-05	5.40628209979997e-05
catm_trx_delta1	4.02630571842692e-06	1.26546502361546e-05	5.40628209979997e-05
mv_mpagado_delta1	3.73276316407822e-06	8.92669204310951e-05	0.000108125641995999
mvr_mpagosdolares_delta1	3.4623538756079e-06	0.000130260906497624	5.40628209979997e-05
mvr_msaldodolares	3.02255828365149e-06	0.000100208920518232	8.10942314969995e-05
mvr_msaldodolares2	2.93728601949291e-06	5.52192033955152e-05	5.40628209979997e-05
cplazo_fijo_delta1	2.8089924387493e-06	4.17225474892979e-06	2.70314104989998e-05
active_quarter_lag1	2.66153527136332e-06	4.34334694343308e-06	2.70314104989998e-05
mv_msaldodolares	2.58286838013978e-06	1.6746173170362e-05	2.70314104989998e-05
Visa_madelantopesos_tend6	2.26509731721385e-06	4.77502761022817e-06	2.70314104989998e-05
Master_delinquency_avg6	1.71121485125245e-06	4.04202223435477e-06	2.70314104989998e-05
mv_status06_lag1	1.57094706128589e-06	4.04436765404854e-06	2.70314104989998e-05
Master_msaldodolares	1.56097219100135e-06	2.67559306507969e-05	2.70314104989998e-05
mttarjeta_master_debitos_automaticos	1.43559938027371e-06	4.16707013697514e-06	2.70314104989998e-05
ccajas_extracciones	1.37921241632284e-06	3.9377004352388e-05	2.70314104989998e-05
cextraccion_autoservicio_delta1	1.17461483296082e-06	2.139825141138e-05	5.40628209979997e-05
matm_other_delta1	1.17016359432828e-06	4.83906991218222e-05	8.10942314969995e-05
ctarjeta_master_trx_delta1	9.53695187998708e-07	2.05315571129619e-05	2.70314104989998e-05
cforex_sell_lag1	8.18722243864829e-07	7.85246513473539e-06	2.70314104989998e-05
cseguro_vida_lag1	7.84004230575421e-07	9.30637845858802e-06	2.70314104989998e-05
mv_mpagado_lag1	7.71345369343554e-07	2.1295176387996e-05	2.70314104989998e-05
mv_mpagosdolares_lag1	7.28480460122381e-07	1.28453698902004e-05	2.70314104989998e-05
Master_madelantopesos	6.36832772291365e-07	4.25780084618143e-06	2.70314104989998e-05
ctarjeta_master_debitos_automaticos_tend6	6.0372939136086e-07	3.99220058233347e-05	2.70314104989998e-05
mv_mpagosdolares	2.7112646749716e-07	5.39446529566649e-05	5.40628209979997e-05
mcajeros_propios_descuentos_tend6	2.38292839874685e-07	3.65531190410913e-05	2.70314104989998e-05
mplazo_fijo_pesos_avg6	1.72809492776233e-07	2.34625910713212e-05	2.70314104989998e-05
ccajas_consultas_lag1	1.31625559549622e-07	3.4573091046984e-05	2.70314104989998e-05
mtarjeta_visa_descuentos_delta1	2.82111785955716e-08	2.51605514864675e-05	2.70314104989998e-05
mvr_mpagado_lag1	2.30449162766458e-08	2.32326164981902e-05	2.70314104989998e-05
mv_status04_avg6	3.97251433641461e-10	1.6125994826073e-05	2.70314104989998e-05
