Feature	Gain	Cover	Frequency
ctrx_quarter_normalizado	0.113267592437941	0.0127590713979212	0.00518708289844071
ctrx_quarter	0.0811817129240302	0.00818734952138487	0.00401682639086567
mtarjeta_visa_consumo	0.0547542904294433	0.0123802628724644	0.00695828193693266
mcaja_ahorro	0.0544944429516282	0.00723986959904678	0.00781225290191985
mdescubierto_preacordado_tend6	0.0410239925144303	0.00244416340470256	0.00129677072461018
mcuentas_saldo	0.0320779279433026	0.0120665286706023	0.0116709365214916
mv_status07_tend6	0.0297589989258686	0.0017187669126286	0.000411171205364203
ctrx_quarter_normalizado_lag1	0.0242321292765128	0.00171138727016037	0.0016763133757156
mv_status06_tend6	0.0224650813775005	0.000965160306933514	0.000158142771293924
cpayroll_trx	0.0202640704394394	0.011118261050264	0.00303634120884334
foto_mes	0.0174457766101455	0.017982656048938	0.0166366195401208
mpasivos_margen	0.0170031698262268	0.00500526603061064	0.00477591169307651
mprestamos_personales	0.014528600652336	0.0137254717331055	0.00547173988676978
mv_status04	0.0139777350554437	0.00051331046331364	0.000411171205364203
mpayroll	0.0125993402452003	0.0127572215844732	0.00487079735585286
mprestamos_personales_tend6	0.0123273173175864	0.00845354135897525	0.0041749691621596
ctrx_quarter_avg6	0.0116382823230391	0.00124084275555363	0.00227725590663251
mpayroll_sobre_edad	0.0114376523591497	0.0114515128932787	0.00468102603030016
ccomisiones_mantenimiento_tend6	0.00967446139313478	0.00294959124446778	0.00319448398013727
ctrx_quarter_lag1	0.00947263647177287	0.00130765275186881	0.00177119903849195
mcuenta_corriente	0.00863852980454019	0.0037232568485117	0.00600942530916912
ctarjeta_visa	0.00856381454437478	2.50724428659125e-05	3.16285542587848e-05
cproductos_tend6	0.0084739865234747	0.00597075874243193	0.00281494132903185
mes	0.0079079827834736	0.00796099025812883	0.00850808109561312
ctarjeta_visa_trx	0.00765390491266995	0.00667405905696581	0.00642059651453332
mv_msaldopesos	0.00717719689590162	0.001110273381974	0.00202422747256223
mdescubierto_preacordado_delta1	0.00706257315222836	0.00667242525025933	0.00189771325552709
mdescubierto_preacordado	0.00627923352918378	0.000873152722109191	0.000822342410728406
mcaja_ahorro_lag1	0.004937152081753	0.00254045768634578	0.00414334060790081
mcuenta_corriente_tend6	0.00479455898061304	0.00346973674801416	0.00575639687509884
mcuentas_saldo_tend6	0.00453275155079824	0.00235821755315431	0.00398519783660689
cprestamos_personales_tend6	0.00446590284457116	0.00093333126913096	0.000695828193693266
mprestamos_personales_lag1	0.00431380867158046	0.000918447543994579	0.00117025650757504
Visa_fechaalta_tend6	0.00402310153790428	0.00521898854676202	0.00566151121232248
mactivos_margen	0.00396221302478579	0.00614917269219742	0.00711642470822659
tmobile_app	0.00382729139918545	0.0106139033680004	0.00534522566973464
mcaja_ahorro_dolares_delta1	0.00378464409107598	0.00961826565264667	0.00408008349938324
tcallcenter_tend6	0.00368334142410044	0.00384925664250504	0.00234051301515008
cproductos_delta1	0.00361822763684446	0.00243234468966043	0.000822342410728406
mcomisiones_mantenimiento_avg6	0.00338587996957873	0.00400362583921894	0.0029098269918082
mprestamos_personales_avg6	0.00335998963277776	0.00137526751791229	0.00136002783312775
mv_status05	0.00334594871361153	2.2750970020635e-05	9.48856627763545e-05
cprestamos_personales_avg6	0.00334007509354811	0.00235844230739295	0.0016763133757156
cpayroll_trx_lag1	0.0032577881262888	0.00150335866914311	0.000790713856469621
cprestamos_personales	0.00317630776967891	0.00183484916130085	0.00132839927886896
mcomisiones_mantenimiento_tend6	0.00315610792693754	0.00633914645931018	0.00544011133251099
mactivos_margen_avg6	0.00312668538624003	0.00452022888863871	0.00534522566973464
ccaja_ahorro	0.00301069049754703	0.00643651470784888	0.00246702723218522
internet	0.00300227971645625	0.00731697878551387	0.0041749691621596
Visa_fechaalta_lag1	0.0028696090234725	0.00112458132428058	0.00316285542587848
mv_msaldototal	0.00273782916568369	0.00102240844244462	0.00148654205016289
mcomisiones_mantenimiento	0.00261337124013978	0.00563873295989039	0.00430148337919474
mvr_mpagominimo_avg6	0.00257773784861835	0.00396965422899458	0.00385868361957175
Visa_msaldopesos	0.00253127810114721	0.00323727822189795	0.00338425530568998
ctarjeta_visa_trx_tend6	0.00247597377846535	0.00282492727792668	0.00366891229401904
mrentabilidad_avg6	0.00243892562372165	0.00212474869112919	0.00370054084827783
mv_fechaalta_tend6	0.00235995429752485	0.0022282476652997	0.00401682639086567
cliente_edad_avg6	0.00235931917831603	0.00868840431807003	0.00974159471170573
cproductos	0.00231010682558857	0.00731830135063187	0.00607268241768669
thomebanking	0.00229399117339321	0.00180633246201712	0.00246702723218522
mcuenta_corriente_avg6	0.00226261699883124	0.00546616798169861	0.00740108169655565
mtransferencias_recibidas	0.00225533335315528	0.00601646116946196	0.00464939747604137
mtarjeta_visa_debitos_automaticos_tend6	0.00212680262041399	0.00742115935901072	0.00436474048771231
mprestamos_personales_delta1	0.00211489372989361	0.00652932494607157	0.00259354144922036
cliente_edad	0.0020133865384416	0.00494632864054887	0.00749596735933201
ctrx_quarter_normalizado_delta1	0.00198860162529422	0.00408894384622109	0.00433311193345352
mactivos_margen_lag1	0.00196195242758396	0.00190292147787534	0.00392194072808932
mcuentas_saldo_delta1	0.00192675857852874	0.00849310276090115	0.00553499699528735
ccaja_ahorro_tend6	0.00185532830308103	0.00991458683292796	0.00170794192997438
mrentabilidad_annual	0.0018449568618334	0.00134340744060409	0.00325774108865484
cliente_edad_lag1	0.00184245738590832	0.00427891775442252	0.00733782458803808
ctarjeta_visa_debitos_automaticos_tend6	0.00183893019699251	0.0026481867807817	0.00278331277477307
Visa_fultimo_cierre_tend6	0.00179009648212027	0.00201922721098828	0.002498655786444
mpayroll_lag1	0.00178804497552371	0.00133252668298723	0.00129677072461018
ccaja_ahorro_avg6	0.00173945205968614	0.00274358952316946	0.00189771325552709
Visa_Fvencimiento_tend6	0.00171773784723748	0.00240136726302198	0.00303634120884334
mrentabilidad_annual_tend6	0.00169061799004984	0.00348380427524062	0.00559825410380492
mv_status01	0.00168776846581279	0.00122873170480375	0.000474428313881773
ccomisiones_mantenimiento_delta1	0.00168378853853161	0.00410038599562423	0.0016763133757156
mv_status07	0.00156243059817284	0.000170269747837639	0.000253028434070279
chomebanking_trx_delta1	0.00156183347201912	0.00582267631541006	0.00351076952272512
mv_mpagominimo	0.00153930840726655	0.00307350066884428	0.00328936964291362
Visa_status	0.00148816207300465	0.000888558334206473	0.000221399879811494
thomebanking_avg6	0.00148186113989504	0.00172746658061891	0.00373216940253661
mrentabilidad_annual_lag1	0.00144924249007791	0.0017218395415106	0.00404845494512446
mrentabilidad	0.00144275390988608	0.00155022691178762	0.00373216940253661
ctrx_quarter_tend6	0.0014057480261848	0.00245730158091213	0.00370054084827783
mactivos_margen_tend6	0.00139671541310905	0.00231536695125018	0.00487079735585286
Master_fechaalta	0.00139388795044479	0.00667576622977654	0.00569313976658127
mv_Finiciomora	0.00137496493608054	0.00496838263257901	0.00098048518202233
mv_fultimo_cierre_avg6	0.00136266979653089	0.00142765627772527	0.00325774108865484
Master_fultimo_cierre_tend6	0.00136173865931167	0.00654538140016686	0.00373216940253661
mtransferencias_emitidas_avg6	0.0013596400306801	0.00404061872205232	0.00648385362305089
tmobile_app_delta1	0.00135617524292491	0.00518829950534878	0.0014549134959041
mcuentas_saldo_lag1	0.00135157852279983	0.00559291004314297	0.0041749691621596
mcuenta_debitos_automaticos	0.00133003613119951	0.00470313354942841	0.00357402663124269
mrentabilidad_annual_delta1	0.00132853406456842	0.00249503179309335	0.00426985482493595
mrentabilidad_annual_avg6	0.00132269453295848	0.00170950867462525	0.00471265458455894
internet_tend6	0.0013195372032958	0.0024446476209907	0.00243539867792643
mcaja_ahorro_delta1	0.00130295070699792	0.00577922058423442	0.00392194072808932
Visa_Finiciomora	0.00129460198366101	0.00811453803665231	0.00148654205016289
cpayroll_trx_avg6	0.00125245285566726	0.00142175651423322	0.00120188506183382
ccomisiones_mantenimiento_avg6	0.00123167373549878	0.00550064384280112	0.00338425530568998
mpayroll_avg6	0.00121825470461263	0.00315056766980142	0.00284656988329064
mcuenta_corriente_delta1	0.00120135656434455	0.00429084002854259	0.00392194072808932
Visa_fechaalta_avg6	0.00118099856962796	0.0016872272476719	0.00284656988329064
mcuenta_corriente_lag1	0.00117105680205632	0.00183223196661993	0.00373216940253661
Master_fechaalta_tend6	0.00116096386927038	0.00169773412033434	0.00319448398013727
chomebanking_trx_avg6	0.00115500292833464	0.00143876249502407	0.00426985482493595
ctransferencias_emitidas_avg6	0.00113676806545958	0.00179883811446664	0.00322611253439605
ctrx_quarter_delta1	0.00113317697437977	0.00263801781546486	0.00357402663124269
Visa_msaldototal	0.00112944325600018	0.0019159400108995	0.00199259891830344
Visa_mpagominimo	0.00112764640428161	0.00238139715053024	0.00392194072808932
mv_mpagospesos_tend6	0.00110594102297335	0.00147469848269007	0.00256191289496157
numero_de_cliente	0.0011015266636796	0.0030129782887531	0.00613593952620426
Visa_fultimo_cierre_avg6	0.00106471572074934	0.00209156802394426	0.00370054084827783
mdescubierto_preacordado_avg6	0.00102277100164072	0.00100713333735973	0.000948856627763545
ctarjeta_visa_trx_avg6	0.000978701124942904	0.00289195821908662	0.0031312268716197
ccallcenter_trx_tend6	0.000963509761369783	0.00233732457972414	0.00186608470126831
mv_fechaalta	0.000955822551043936	0.00162025739790262	0.00325774108865484
Master_fultimo_cierre_avg6	0.000950680728208649	0.00162659622931095	0.00389031217383053
ctransferencias_recibidas_avg6	0.000948980892550574	0.0027182113411729	0.00392194072808932
mrentabilidad_tend6	0.000944129208332323	0.00219999649487793	0.00398519783660689
mcaja_ahorro_avg6	0.000939106436141533	0.00249023266225391	0.00433311193345352
mcomisiones_otras_avg6	0.000936629062838063	0.00133462791643105	0.00351076952272512
ccallcenter_trx_delta1	0.000932032107805514	0.00147163601219174	0.000822342410728406
ctrx_quarter_normalizado_tend6	0.000921517715273215	0.00166625131410844	0.00332099819717241
mv_status02	0.000917072806011334	0.000490169524231115	0.000284656988329064
cproductos_avg6	0.000915670720978141	0.00325808936390413	0.00455451181326502
chomebanking_trx	0.000915627464644897	0.00345757984344911	0.00335262675143119
internet_avg6	0.000903330952545675	0.00526747761595609	0.00306796976310213
ctarjeta_master_avg6	0.000903314128756764	5.56961602286213e-06	3.16285542587848e-05
mpagomiscuentas	0.000890152488117483	0.00374503614091683	0.00243539867792643
mcaja_ahorro_dolares_tend6	0.000882090245788441	0.00279671039204979	0.00259354144922036
mv_fechaalta_avg6	0.000867653890775261	0.00145333582510396	0.00303634120884334
Visa_cconsumos_tend6	0.000859875119065802	0.0012159715051198	0.00287819843754942
mpayroll_sobre_edad_lag1	0.000836207709617371	0.00124491090603502	0.00132839927886896
mpasivos_margen_tend6	0.000831502418074028	0.00171278080287538	0.00347914096846633
mcaja_ahorro_dolares_avg6	0.000826680424975458	0.00111754763121168	0.00268842711199671
mv_mpagominimo_avg6	0.000823824933020403	0.00219540659852431	0.00262517000347914
Master_Fvencimiento	0.000823039098044817	0.0020377573725952	0.00442799759622988
cplazo_fijo	0.000821728376207294	0.00472547606777242	0.00085397096498719
Master_fechaalta_lag1	0.000809813592838806	0.00276263691581143	0.00382705506531296
ccaja_seguridad	0.000809766520175439	0.00440000187834158	0.00120188506183382
mcomisiones_otras_tend6	0.000803465131815117	0.00337604103734848	0.00319448398013727
mv_cconsumos_tend6	0.000798004823353038	0.00115002553577098	0.00221399879811494
ccallcenter_trx	0.000786701657832645	0.00442622941408365	0.00170794192997438
Visa_mfinanciacion_limite	0.000776705920624843	0.00140438708904894	0.00281494132903185
Visa_delinquency_tend6	0.000776071797487171	0.0012307254286871	0.000759085302210836
Master_Fvencimiento_tend6	0.000766424905079156	0.000896004993789173	0.00205585602682101
mv_fultimo_cierre_tend6	0.000764957791839775	0.00195147163846008	0.0027200556662555
cliente_antiguedad	0.000750300725164452	0.00181913724571827	0.00366891229401904
Visa_mpagominimo_avg6	0.000746992935182576	0.00126847468783769	0.00284656988329064
mpayroll_sobre_edad_avg6	0.000745152038083008	0.00260260964048356	0.00211911313533858
ctarjeta_visa_tend6	0.00074328072033385	0.00039094638305252	9.48856627763545e-05
mcomisiones_otras	0.000736170519369582	0.00185527343819572	0.00265679855773793
mcomisiones_avg6	0.000734080748401333	0.00126173234285592	0.00316285542587848
mcomisiones_tend6	0.000711642994018351	0.00167942786643408	0.0029098269918082
Master_Fvencimiento_avg6	0.000709868871272208	0.00111513797795263	0.00309959831736091
Visa_mpagospesos_tend6	0.000702692073476588	0.00135474151609209	0.00351076952272512
Master_status	0.000694673137696816	0.000421950757625425	0.000253028434070279
ccomisiones_otras_avg6	0.000693217373164931	0.00266466918154771	0.00351076952272512
Master_fechaalta_avg6	0.000686178274021501	0.00188425417808892	0.00360565518550147
Visa_Fvencimiento_avg6	0.000683292565626962	0.00141913917846364	0.00341588385994876
tcallcenter	0.000679341573236119	0.000676329664808822	0.000474428313881773
mpayroll_sobre_edad_tend6	0.000676488386445712	0.00206851145588163	0.00215074168959737
mcuentas_saldo_avg6	0.00067622832611864	0.00113114900149874	0.00303634120884334
Master_Fvencimiento_lag1	0.000671325836360699	0.00119538949110077	0.00338425530568998
mpasivos_margen_avg6	0.000664943224044539	0.000961237336685371	0.00243539867792643
mv_mpagominimo_tend6	0.00065694257044717	0.00178715004752557	0.00177119903849195
cproductos_lag1	0.000655642754451076	0.00265403053207492	0.0029098269918082
mautoservicio	0.000649504453067583	0.00199157242234097	0.00126514217035139
mplazo_fijo_dolares	0.000636606635526381	0.00479900978536599	0.00098048518202233
mpasivos_margen_lag1	0.000632800015531304	0.000899711957295726	0.00211911313533858
ctrx_quarter_normalizado_avg6	0.000625631923775228	0.00117932541821772	0.00173957048423317
Visa_Fvencimiento_lag1	0.000617306469178994	0.00112673955754387	0.00300471265458456
mtransferencias_recibidas_avg6	0.000617065914586368	0.00141283618357547	0.00297308410032577
Visa_mpagominimo_lag1	0.000615784159689143	0.00100937354313567	0.002498655786444
mpayroll_sobre_edad_delta1	0.000612908528645707	0.00609308331786768	0.00253028434070279
Visa_mpagado_avg6	0.000611505583223581	0.00298251273178055	0.00224562735237372
ccomisiones_otras_tend6	0.00061087514686622	0.00112383510634703	0.00281494132903185
cliente_antiguedad_lag1	0.000609690245741489	0.00129089141881794	0.00297308410032577
mrentabilidad_delta1	0.000594714730146159	0.00183723073791616	0.00262517000347914
mv_Fvencimiento_tend6	0.000587136633562396	0.00123339087569044	0.00227725590663251
mvr_msaldopesos_lag1	0.000585747927383452	0.00132745567429603	0.00129677072461018
Master_mfinanciacion_limite	0.000580582439890264	0.00109573955671949	0.00275168422051428
mv_mpagominimo_delta1	0.000578717461876102	0.0028724504541404	0.00148654205016289
mactivos_margen_delta1	0.00057525470642868	0.00120017084476879	0.00237214156940886
mv_status05_delta1	0.000571817019231315	0.00167865117334953	0.000379542651105418
cliente_antiguedad_avg6	0.000566995557079285	0.00157771182968583	0.00297308410032577
mv_Fvencimiento_avg6	0.000564176768014638	0.000918354707654954	0.00284656988329064
mtarjeta_visa_debitos_automaticos_avg6	0.00055973804209431	0.000845514864101326	0.00211911313533858
Visa_mpagominimo_delta1	0.000552725773841091	0.00156905491156011	0.00180282759275074
chomebanking_trx_tend6	0.000551654035235151	0.00137738624635021	0.00265679855773793
tcallcenter_avg6	0.000550376274777491	0.000949344126829682	0.00170794192997438
Visa_mpagominimo_tend6	0.000547372535195964	0.000849972137112631	0.00224562735237372
Master_mpagospesos_tend6	0.000542662058738433	0.004405371289553	0.00170794192997438
Visa_cconsumos_avg6	0.000541503957546737	0.00118728098460442	0.00268842711199671
Visa_fechaalta	0.000541314489289107	0.00201571904140655	0.0031312268716197
cmobile_app_trx	0.000540795355430934	0.000752419908958627	0.00136002783312775
ccaja_seguridad_avg6	0.00053128586033475	0.00199072730125532	0.000569313976658127
mv_fechaalta_lag1	0.000525002192404533	0.00125016194385899	0.00218237024385615
mvr_msaldopesos2_tend6	0.000523551884174558	0.00162816400652359	0.00218237024385615
mcaja_ahorro_dolares	0.000520604018735822	0.00186967083071403	0.00211911313533858
ctransferencias_recibidas_tend6	0.000516883104231602	0.00275959391554846	0.00278331277477307
tmobile_app_avg6	0.000516018827201368	0.000726984444965274	0.00199259891830344
cmobile_app_trx_tend6	0.000515175605481763	0.0014670365218091	0.00240377012366765
Visa_fultimo_cierre_delta1	0.000510835226771271	0.000276101058680405	0.000885599519245975
mv_Fvencimiento	0.000509434228500096	0.000831714558800783	0.00253028434070279
Visa_fultimo_cierre	0.000496513645217411	0.000795326240884267	0.00199259891830344
mv_msaldototal_avg6	0.000495642563783783	0.000515026947976072	0.00136002783312775
mpayroll_tend6	0.00049530392130089	0.00169443123475588	0.00186608470126831
mcomisiones_mantenimiento_lag1	0.000491241840953704	0.00252080897382617	0.00180282759275074
mvr_mpagominimo	0.000489771071569755	0.00448894219565305	0.00278331277477307
Visa_Fvencimiento	0.00048755989000578	0.0010523880900651	0.002498655786444
Visa_cconsumos	0.000483890311446482	0.000728976193607354	0.00192934180978587
Visa_mlimitecompra_lag1	0.000470120233833577	0.000721648330678096	0.00183445614700952
ccajas_trx_avg6	0.000469842870271471	0.0030398767010832	0.00303634120884334
ccaja_seguridad_lag1	0.000464865600707068	0.00193850728348215	0.000600942530916912
mtransferencias_recibidas_lag1	0.000462325794590838	0.00187968925442847	0.00211911313533858
ccajas_trx_delta1	0.000462220470102492	0.00202516196446851	0.00098048518202233
mv_Finiciomora_lag1	0.000459537615843019	0.00236841741688814	0.000664199639434481
ccajas_extracciones_avg6	0.000458434806604331	0.00139803302006511	0.0016763133757156
Visa_mpagospesos_avg6	0.000458023995346985	0.000758300625481297	0.00202422747256223
mv_fultimo_cierre	0.000456781006024641	0.000773848878215907	0.00170794192997438
mcomisiones	0.000454553630296669	0.00201329231641938	0.00240377012366765
ccomisiones_otras	0.000451328778247922	0.00157803633360853	0.00196097036404466
Visa_mpagospesos_lag1	0.000446708185294382	0.00118495288059202	0.00237214156940886
ccomisiones_mantenimiento	0.000443750975532308	0.00281085975070023	0.00091722807350476
ccomisiones_otras_lag1	0.000441126638086738	0.00239432468136737	0.00183445614700952
Visa_mlimitecompra	0.000439932858156805	0.000677527507549578	0.00173957048423317
mforex_sell_avg6	0.000439646835252072	0.00276717376282813	0.00158142771293924
mrentabilidad_lag1	0.000439305587684949	0.000692545125826239	0.00205585602682101
mvr_msaldopesos2	0.000434017615343701	0.000705872360842947	0.00183445614700952
ccajas_consultas_avg6	0.000427406378959412	0.00304479392313276	0.00199259891830344
Visa_msaldototal_tend6	0.000426751174453685	0.000881170508595846	0.00196097036404466
mcuenta_debitos_automaticos_tend6	0.00042146998520103	0.00322401165500592	0.00158142771293924
cmobile_app_trx_avg6	0.000418542630308137	0.000821025117409657	0.00218237024385615
mv_msaldototal_lag1	0.000417651492234586	0.000181965433566467	0.000537685422399342
Master_mlimitecompra_avg6	0.000416685326506356	0.000622569805378097	0.00189771325552709
ccallcenter_trx_avg6	0.00041573841693232	0.00187919417431336	0.00237214156940886
tmobile_app_tend6	0.000414294905735764	0.000734562034826352	0.00117025650757504
ccaja_ahorro_delta1	0.000411828185942961	0.00877509525884253	0.00129677072461018
mpayroll_delta1	0.000404272995253995	0.00381996310904808	0.00170794192997438
cmobile_app_trx_lag1	0.000402828425450273	0.000615993803928872	0.0016763133757156
Visa_mpagospesos	0.000401337217042535	0.00146153773229458	0.00189771325552709
mvr_mpagospesos_tend6	0.000399666294442149	0.000724618811368777	0.00151817060442167
mplazo_fijo_dolares_tend6	0.000397232833439954	0.003523472763461	0.00091722807350476
mtarjeta_master_consumo	0.000392851795598673	0.00128302502046566	0.000695828193693266
ctarjeta_debito_avg6	0.00039223710513176	0.000897140616429968	0.00192934180978587
Master_mfinanciacion_limite_lag1	0.000390169181676384	0.00292895335933859	0.00180282759275074
Visa_msaldopesos_avg6	0.000389305721901105	0.000647814799677689	0.0016763133757156
mcaja_ahorro_tend6	0.000385714708994501	0.000752805645360656	0.00230888446089129
mvr_msaldopesos2_lag1	0.000385486604729933	0.000871500150610665	0.0020874845810798
ctarjeta_visa_trx_lag1	0.00038306165359619	0.0012313164490924	0.00189771325552709
mtransferencias_emitidas	0.000382579622608448	0.00217998208054631	0.00319448398013727
mv_Fvencimiento_lag1	0.000382169779111955	0.000629748678680236	0.00215074168959737
Visa_mfinanciacion_limite_lag1	0.000379936131266218	0.000712727012399709	0.00158142771293924
mvr_msaldototal_tend6	0.000375747523662623	0.00303927608664887	0.00151817060442167
mvr_mpagominimo_tend6	0.000366510608342592	0.00238220234352452	0.0016763133757156
Visa_cconsumos_lag1	0.000364703345954144	0.00234943464285339	0.00177119903849195
Visa_mconsumospesos_tend6	0.000363750803242728	0.000768393826186625	0.00202422747256223
Visa_mlimitecompra_avg6	0.000362222956528063	0.00092610470786105	0.00158142771293924
ctarjeta_visa_debitos_automaticos_avg6	0.000362120440486813	0.00157771634452301	0.00142328494164532
mv_Finiciomora_avg6	0.000361191774412784	0.000689923275219469	0.000316285542587848
ctarjeta_debito_tend6	0.000357897869203259	0.00504074884149415	0.00098048518202233
mv_mpagospesos	0.000355990596381366	0.00068834153022929	0.00139165638738653
cmobile_app_trx_delta1	0.000353405181249168	0.00220148977727701	0.000948856627763545
mcomisiones_otras_lag1	0.000352079999632886	0.000665404464263418	0.00161305626719803
mv_msaldopesos_avg6	0.000350942523441049	0.00227756548929463	0.00158142771293924
Master_mpagominimo_tend6	0.000347931502297936	0.00175426312693501	0.00120188506183382
mv_cconsumos_avg6	0.000346133867106902	0.000972612468974033	0.00136002783312775
mcomisiones_lag1	0.000345930112329248	0.000527139127435254	0.00158142771293924
chomebanking_trx_lag1	0.000345079857682011	0.000610863255822292	0.00189771325552709
Visa_mconsumospesos_avg6	0.000343542291918649	0.000500200504836481	0.00164468482145681
mvr_mpagominimo_delta1	0.000342514119190124	0.00223643743886539	0.00132839927886896
cprestamos_hipotecarios_avg6	0.000341717356289268	0.00694993465596426	0.0010437422905399
mpagomiscuentas_avg6	0.000341329574525582	0.000813965464026944	0.00183445614700952
mvr_msaldopesos2_avg6	0.000341175111881867	0.000983387974449007	0.00281494132903185
mv_mlimitecompra_avg6	0.000337420428856597	0.00066096623822149	0.0014549134959041
mv_mfinanciacion_limite	0.000337050164127174	0.000581600902959649	0.00148654205016289
mtransferencias_recibidas_tend6	0.000336923326620172	0.00104135368689527	0.00183445614700952
Visa_msaldototal_delta1	0.000335598612393159	0.000583648522711898	0.00113862795331625
ccuenta_debitos_automaticos_tend6	0.000331861438267365	0.00186125305787048	0.000885599519245975
Visa_mconsumosdolares_avg6	0.000326527880358445	0.000539878445997223	0.00177119903849195
Visa_msaldopesos_tend6	0.000324970918704006	0.000676565423963097	0.00173957048423317
Master_mpagominimo_avg6	0.000324927519625262	0.000595066687042484	0.00142328494164532
ccajas_consultas_delta1	0.000323483047775479	0.00302966117650787	0.000759085302210836
ctarjeta_master	0.000319892799960929	4.28589261351935e-05	6.32571085175697e-05
mv_mlimitecompra_tend6	0.000315843729249551	0.000966788187916181	0.000695828193693266
mvr_msaldopesos_avg6	0.000313920630309408	0.000560232178561062	0.00117025650757504
mpagomiscuentas_tend6	0.000312760207525901	0.00265226805250866	0.00120188506183382
Visa_cconsumos_delta1	0.000312518968689447	0.00239247698424924	0.00107537084479868
ccaja_ahorro_lag1	0.000311192736318226	0.000847748861976136	0.000632571085175697
internet_delta1	0.000310734781396627	0.000442396197819593	0.000537685422399342
Master_status_avg6	0.000309922325057508	4.6463177095778e-05	9.48856627763545e-05
mvr_msaldototal	0.000307776479014395	0.000600805468371138	0.00123351361609261
mtransferencias_emitidas_delta1	0.000307055402079198	0.00195849672512059	0.00148654205016289
ctarjeta_debito_trx_avg6	0.000303388702909033	0.000929543885087042	0.00230888446089129
mv_cconsumos_delta1	0.00030320916892539	0.00306008948607365	0.00085397096498719
mautoservicio_avg6	0.000301651806732743	0.000764059441399961	0.00186608470126831
mv_mpagado_avg6	0.000301035478059829	0.00224420183011502	0.0016763133757156
Master_msaldopesos_tend6	0.000297347883785128	0.0012684519725631	0.00091722807350476
mtarjeta_visa_consumo_tend6	0.000294964567133575	0.000502944820401905	0.00132839927886896
mvr_Master_mlimitecompra_avg6	0.000294403712669691	0.000693257623569563	0.00142328494164532
mv_mpagospesos_avg6	0.00029190824850271	0.00103764079766492	0.00129677072461018
Master_fultimo_cierre_lag1	0.000290692793502802	0.000611943430618904	0.00139165638738653
mcomisiones_mantenimiento_delta1	0.000287850951502068	0.000887321550994993	0.000632571085175697
mv_mconsumospesos_tend6	0.00028683637806305	0.000447641168831091	0.00107537084479868
Master_msaldopesos_avg6	0.000286438254866971	0.000583720477929541	0.00136002783312775
mv_msaldototal_tend6	0.000284335676135021	0.00175933709848811	0.00139165638738653
Master_msaldototal_avg6	0.000278236963271561	0.000635409861244765	0.00126514217035139
Master_mlimitecompra	0.000277655722110582	0.000588614561438535	0.00148654205016289
mv_mconsumospesos	0.000276489037251406	0.00027616215007107	0.000727456747952051
Visa_mconsumospesos	0.000275824978486624	0.00067361314370982	0.00173957048423317
mtransferencias_emitidas_tend6	0.000275127737570004	0.000960304035185948	0.00173957048423317
mvr_msaldototal_lag1	0.000273853169895823	0.000672680547653707	0.00107537084479868
mvr_Visa_mlimitecompra_avg6	0.000271916296438861	0.000523703900691798	0.0014549134959041
Visa_mpagospesos_delta1	0.000270831020517968	0.000588906614968967	0.00186608470126831
mvr_msaldopesos_tend6	0.000267895940098853	0.00187355288525018	0.00123351361609261
ctarjeta_visa_trx_delta1	0.000265948281349754	0.00104126155599896	0.000600942530916912
mcaja_ahorro_dolares_lag1	0.000265379132951398	0.000562036138193961	0.00136002783312775
mcomisiones_otras_delta1	0.000262749549607239	0.00116425870108667	0.00142328494164532
mpasivos_margen_delta1	0.000258744000335602	0.000712794876046152	0.0014549134959041
thomebanking_tend6	0.000258605130918285	0.00103339360567139	0.0010437422905399
tpaquete7_avg6	0.000257708363430052	0.00279996502530582	0.000506056868140557
cprestamos_personales_delta1	0.000257275831314375	0.00143158404498792	0.000347914096846633
Visa_mconsumototal_tend6	0.000257161313013242	0.00039093467269357	0.00132839927886896
mv_status06	0.000256198592069482	3.84671182630774e-05	6.32571085175697e-05
internet_lag1	0.000255561747343865	0.000439541127654464	0.000759085302210836
mv_mpagospesos_lag1	0.000254841295640579	0.000461832854080145	0.00123351361609261
mvr_Master_mlimitecompra	0.000253928946878143	0.00057418881009915	0.00129677072461018
mtarjeta_visa_debitos_automaticos_delta1	0.000253835347561934	0.00131848624478388	0.000759085302210836
mcomisiones_delta1	0.000251178485256023	0.00148929156518264	0.00129677072461018
mv_fultimo_cierre_delta1	0.000251003161772113	0.000195950141748301	0.000664199639434481
mtarjeta_visa_consumo_lag1	0.000248501842505748	0.000711086433437457	0.00123351361609261
mtransferencias_emitidas_lag1	0.000247685682195469	0.000809533163708822	0.00202422747256223
mv_mfinanciacion_limite_tend6	0.000247024533713222	0.000697944024568027	0.000695828193693266
mv_status04_delta1	0.000246894294339003	0.00109708201533884	0.000506056868140557
Master_msaldopesos	0.000246094504245987	0.00192685575850454	0.00110699939905747
cpagomiscuentas_avg6	0.000245076027841839	0.000638271139311024	0.00164468482145681
Visa_msaldopesos_lag1	0.000244737017600002	0.000570945887202061	0.00136002783312775
Master_mlimitecompra_lag1	0.000244696022686919	0.00046993275416811	0.00107537084479868
mv_cconsumos_lag1	0.000244072713946635	0.00164294219734076	0.00101211373628111
mvr_mpagospesos	0.000243656785114364	0.000466521512497202	0.00101211373628111
ccajas_depositos_avg6	0.000243235800162331	0.00264691133927682	0.000759085302210836
mtarjeta_visa_consumo_delta1	0.000241949301197973	0.00140473896417208	0.00117025650757504
mv_mpagominimo_lag1	0.000241504260357169	0.000984838224806161	0.00151817060442167
Visa_Finiciomora_avg6	0.000240897337843488	0.000755111175187123	0.000284656988329064
mcuenta_debitos_automaticos_avg6	0.000239681933797036	0.00067853389297594	0.00132839927886896
Master_mfinanciacion_limite_avg6	0.000237052046192436	0.000437426490787743	0.00129677072461018
Visa_mfinanciacion_limite_avg6	0.000235024232650106	0.000532483707042155	0.00117025650757504
mv_fultimo_cierre_lag1	0.000234152129256057	0.000644701396172357	0.00148654205016289
Master_msaldototal_tend6	0.000232911349920656	0.000833234365868325	0.000600942530916912
ctransferencias_emitidas_tend6	0.000232787659226282	0.00123215620880889	0.00132839927886896
Visa_msaldototal_avg6	0.000232082019744432	0.000402353401378805	0.00120188506183382
mvr_Master_mlimitecompra_lag1	0.000231488265378758	0.000514623011136639	0.00110699939905747
mvr_mpagospesos_avg6	0.000230489555988296	0.000629460293455018	0.00113862795331625
mv_mfinanciacion_limite_lag1	0.000226607069455922	0.000392692214156657	0.00110699939905747
cextraccion_autoservicio_avg6	0.000223580848000999	0.000670013971941069	0.00183445614700952
mtarjeta_visa_debitos_automaticos_lag1	0.00022302290850593	0.000420453101477824	0.00120188506183382
Master_fultimo_cierre	0.000220511312495404	0.000563694353238968	0.00142328494164532
matm_avg6	0.000219109486778425	0.000481141542924222	0.00139165638738653
Visa_fultimo_cierre_lag1	0.000218500279976392	0.000374866367150665	0.00101211373628111
Visa_mconsumosdolares_tend6	0.00021841218641848	0.000587935360619454	0.00136002783312775
ctransferencias_recibidas	0.000215487543880411	0.000688429569554406	0.00091722807350476
mvr_mpagominimo_lag1	0.000212901750342807	0.000514927762646655	0.00120188506183382
Master_msaldototal_lag1	0.000211213734570883	0.00073925351501665	0.000885599519245975
mv_msaldopesos_tend6	0.000210595572168628	0.000512503295078085	0.00107537084479868
mextraccion_autoservicio_avg6	0.000210243284584855	0.000443827965562019	0.00136002783312775
mplazo_fijo_dolares_avg6	0.000209899342512374	0.00124050075663684	0.000600942530916912
mvr_msaldototal_avg6	0.000206128854684571	0.000415353451788231	0.00110699939905747
mv_Finiciomora_tend6	0.000205177267522535	0.000910696415079188	0.000221399879811494
Visa_msaldototal_lag1	0.000205099695080749	0.000398741390541808	0.00101211373628111
Visa_mconsumosdolares_lag1	0.000204977478000848	0.000406486452644731	0.00120188506183382
Visa_mconsumototal_avg6	0.000204289142860258	0.000322695448231884	0.00110699939905747
mv_mlimitecompra	0.000202934840587031	0.000322441347551542	0.00085397096498719
mcuenta_debitos_automaticos_lag1	0.00020132597976062	0.000509637925440626	0.000759085302210836
tpaquete9	0.00020070233980811	0.000842822751340858	0.000253028434070279
Master_mpagominimo	0.000200601176802881	0.000741535200859231	0.000948856627763545
Master_mfinanciacion_limite_tend6	0.000200234221489236	0.000487514094522778	0.000727456747952051
mvr_mpagado_avg6	0.000195313519016155	0.000783248628147286	0.00091722807350476
mplazo_fijo_dolares_delta1	0.000194127032558241	0.00266343451466616	0.000442799759622988
mv_mfinanciacion_limite_avg6	0.000193530123619668	0.000364919475387878	0.0010437422905399
mtarjeta_visa_debitos_automaticos	0.000193418690306514	0.000443843062048858	0.00107537084479868
mvr_Visa_mlimitecompra_lag1	0.000188868102581758	0.000436702564862794	0.000822342410728406
Visa_msaldopesos_delta1	0.000187953918851775	0.000885743051044041	0.00101211373628111
ccuenta_debitos_automaticos	0.000186528300451644	0.000435229034876403	0.000727456747952051
ccomisiones_otras_delta1	0.000185944706330999	0.000241146765924907	0.000632571085175697
cpagomiscuentas	0.000185869223988339	0.000889006855063112	0.000790713856469621
mtransferencias_recibidas_delta1	0.000184976356251164	0.000497630857034667	0.0010437422905399
ccajas_otras_delta1	0.000184668400080041	0.00188071045416435	0.000347914096846633
mvr_msaldopesos	0.000184283889160529	0.000522826893568531	0.000537685422399342
mautoservicio_tend6	0.00018425994572006	0.000658815905923272	0.000948856627763545
cforex_sell_avg6	0.000183803784953477	0.000526151788978267	0.00107537084479868
ctarjeta_debito_lag1	0.000180976316810763	0.000555979766287046	0.000822342410728406
mforex_buy_avg6	0.000180895900593734	0.0034552350909746	0.000632571085175697
Visa_mpagosdolares_avg6	0.000179391037608019	0.000310791938903865	0.000822342410728406
Master_mpagominimo_lag1	0.000178405370509145	0.000736194712823529	0.00085397096498719
Visa_delinquency	0.000176268024528293	0.000384627868411527	9.48856627763545e-05
mvr_mpagospesos_lag1	0.00017520874871369	0.000525556535913102	0.00107537084479868
Visa_mconsumototal	0.000174047481626609	0.000337815496877189	0.00101211373628111
Visa_mconsumospesos_lag1	0.000173228560202407	0.000515015519794446	0.00129677072461018
Master_mfinanciacion_limite_delta1	0.000172945015403998	0.000231300329289495	0.000442799759622988
Visa_Finiciomora_lag1	0.000171271080055537	0.00145810095357584	0.000284656988329064
cplazo_fijo_tend6	0.000168862011957942	0.00189833567309292	0.000506056868140557
ctarjeta_visa_debitos_automaticos_lag1	0.00016820697989833	0.000379111866080241	0.000759085302210836
ccajas_consultas_tend6	0.000168134327085775	0.00115924271697367	0.000822342410728406
Master_msaldototal	0.000167134752134324	0.000499865137086801	0.000822342410728406
mforex_sell_tend6	0.000165657542935378	0.00248645049849049	0.000695828193693266
catm_trx_avg6	0.000160659026049671	0.000327506289430272	0.00101211373628111
Master_fechaalta_delta1	0.000160612545348537	0.00013564108771414	0.000442799759622988
mvr_mconsumosdolares_avg6	0.000159851288256544	0.000525609303072707	0.00091722807350476
mvr_Visa_mlimitecompra	0.000159832198795732	0.000331380866267333	0.000727456747952051
cpagomiscuentas_tend6	0.000159088298139517	0.00103686551546698	0.00098048518202233
tpaquete7	0.000158090092998887	0.000517404715197505	0.000126514217035139
Visa_delinquency_avg6	0.000157822955865324	0.000267866560008849	0.000347914096846633
mv_mconsumospesos_avg6	0.000157641300472104	0.000310719701508899	0.00101211373628111
mvr_mconsumospesos_avg6	0.000156600423884633	0.000396694476232868	0.00107537084479868
mvr_mconsumototal_avg6	0.000153729504985941	0.000285695228788081	0.000822342410728406
ccajas_otras_tend6	0.000152476668949371	0.00245163235629386	0.000474428313881773
ccajas_trx_tend6	0.000152032846871973	0.000350335986924327	0.000537685422399342
Visa_mconsumosdolares	0.000151683301591241	0.000362461287629079	0.000790713856469621
Master_mlimitecompra_tend6	0.000151462384371504	0.00261563903733469	0.000600942530916912
Master_msaldopesos_lag1	0.000150003390825429	0.000778829307986072	0.000664199639434481
ctarjeta_debito_trx	0.000149733972363689	0.000418395323341907	0.000822342410728406
Visa_mconsumosdolares_delta1	0.000148886642449851	0.000577138268579187	0.000885599519245975
mvr_mconsumospesos_tend6	0.000146374362521323	0.000397859163138044	0.000790713856469621
mv_status02_delta1	0.000145903995204991	0.000243062326689483	0.000189771325552709
cplazo_fijo_avg6	0.000144647660441175	0.00124412391347814	0.000221399879811494
ctransferencias_emitidas_delta1	0.000143844462855335	0.000646904213452855	0.000506056868140557
ccallcenter_trx_lag1	0.000143669248665437	0.00159968314376001	0.00110699939905747
Master_fultimo_cierre_delta1	0.000142978309929397	0.000181250537315888	0.000569313976658127
Visa_mpagado_tend6	0.000142409225646703	0.000839999143947365	0.000695828193693266
mv_mconsumototal_tend6	0.000139982145042463	0.000181214559707067	0.000506056868140557
tcuentas_avg6	0.000139038484383199	0.00233882082498512	0.000474428313881773
mvr_mconsumospesos_lag1	0.000137695086485794	0.000365279251476091	0.000759085302210836
mvr_msaldodolares_avg6	0.000137561406164814	0.000860309280114633	0.00123351361609261
Master_cconsumos_avg6	0.000137077996030331	0.000394003351093035	0.00085397096498719
mvr_Visa_mlimitecompra_tend6	0.000136955442828289	0.00074857806469116	0.000506056868140557
mv_mlimitecompra_lag1	0.000136494757341559	0.00028188005027774	0.000790713856469621
Master_mconsumospesos_avg6	0.000136356812325718	0.000502495029747308	0.000759085302210836
Visa_fechaalta_delta1	0.000132161625485721	0.000155705306343465	0.000347914096846633
ccajas_consultas	0.00013216134976074	0.00133075940640646	0.000347914096846633
tmobile_app_lag1	0.000131383374210891	0.000186351033537453	0.000506056868140557
mv_status06_avg6	0.000129806942335012	0.000143385021107768	0.000189771325552709
mv_status02_avg6	0.000128129023266177	0.000310184834391089	0.000316285542587848
mv_mpagospesos_delta1	0.000127014072165239	0.000695074845536694	0.000759085302210836
Visa_mconsumospesos_delta1	0.000124589110985945	0.000411166786830728	0.00098048518202233
Master_delinquency_tend6	0.000124007364073844	0.000377496259811172	0.000221399879811494
mv_fechaalta_delta1	0.000123949597869927	6.68131002657425e-05	0.000221399879811494
Visa_mfinanciacion_limite_tend6	0.000122623738596409	0.000344376684016899	0.000537685422399342
cliente_edad_tend6	0.000122611244218548	0.00023990955944744	0.000727456747952051
cpayroll_trx_tend6	0.000122262146476313	0.000783195860987682	0.000727456747952051
mvr_mpagospesos_delta1	0.000121037911090694	0.00047102111210712	0.000759085302210836
Master_mpagospesos	0.000120261893442211	0.00159829525459148	0.00117025650757504
mdescubierto_preacordado_lag1	0.00011933695036326	0.000265656547206587	0.000221399879811494
mvr_mconsumosdolares_tend6	0.000118093978888369	0.000609676417997175	0.000632571085175697
ctransferencias_recibidas_lag1	0.000116802287759072	0.000372105967477768	0.000790713856469621
Master_mpagospesos_lag1	0.00011621497035034	0.000541732068839161	0.00085397096498719
mtarjeta_master_consumo_lag1	0.000116037322106133	0.000244214315615075	0.000379542651105418
mvr_mconsumospesos_delta1	0.000115426310179109	0.000662473347309447	0.000664199639434481
mv_mconsumospesos_lag1	0.000114901402591432	0.000222845591216488	0.000537685422399342
cpayroll_trx_delta1	0.000114645323258209	0.000437581123961344	0.000411171205364203
thomebanking_delta1	0.000114058976763581	0.000200984608476029	0.000189771325552709
mv_mconsumosdolares_avg6	0.000113932836160361	0.000249064802727497	0.000727456747952051
Master_mpagospesos_avg6	0.00011348974188094	0.000527412698350958	0.000885599519245975
mvr_msaldototal_delta1	0.000112943697277022	0.0007928080904441	0.000664199639434481
mvr_msaldodolares2_avg6	0.000111840615316129	0.000440317538561694	0.000885599519245975
mautoservicio_lag1	0.000111087912973656	0.000356614714562624	0.00091722807350476
ccheques_depositados_avg6	0.000110795342068782	0.00107291197555536	0.000284656988329064
cextraccion_autoservicio_tend6	0.00011005740002585	0.00055663977904809	0.000569313976658127
mv_status04_tend6	0.00010962285403346	0.0002041131084682	0.000221399879811494
mv_mconsumototal_avg6	0.000109243463073527	0.000206066763171528	0.000600942530916912
mpagomiscuentas_lag1	0.000108922734082262	0.000454374201961171	0.000727456747952051
mtarjeta_visa_consumo_avg6	0.000107863336776228	0.000234694922498282	0.000569313976658127
ctarjeta_master_trx_tend6	0.000107384848540554	0.000335347574000709	0.000379542651105418
cprestamos_personales_lag1	0.000106351313717302	4.45116387223808e-05	6.32571085175697e-05
Visa_mlimitecompra_tend6	0.000105605543334963	0.000195063963862	0.000379542651105418
cforex_avg6	0.000105460273923353	0.000292602506415786	0.000474428313881773
mv_msaldodolares_avg6	0.000105140697363846	0.000567963555063768	0.000569313976658127
Master_mlimitecompra_delta1	0.000105054921869855	0.000255146993859566	0.000379542651105418
mvr_msaldopesos2_delta1	0.000103858068645205	0.000233646915916616	0.000664199639434481
Visa_mpagosdolares	0.000103099442109976	0.000348033278871102	0.000379542651105418
matm_other_avg6	0.00010122588829952	0.000483590277742663	0.000790713856469621
Visa_mconsumototal_lag1	0.000101135030434723	0.00023859207352127	0.000664199639434481
Master_cconsumos_tend6	0.000100367485973129	0.00027287295009283	0.000632571085175697
cextraccion_autoservicio	0.000100302469343333	0.000221297566416538	0.000474428313881773
Visa_mconsumototal_delta1	9.76748694772914e-05	0.000218657515372364	0.000569313976658127
mprestamos_prendarios_lag1	9.70286656943883e-05	0.00240612166875555	0.000379542651105418
ctarjeta_debito	9.69810771375196e-05	0.000256743270981936	0.000569313976658127
ctransferencias_emitidas_lag1	9.6273055895931e-05	0.000279092984847717	0.000537685422399342
mextraccion_autoservicio_tend6	9.52746672312232e-05	0.000207012480473211	0.000600942530916912
mextraccion_autoservicio_lag1	9.44828333595633e-05	0.000395934431610435	0.000885599519245975
mv_msaldopesos_delta1	9.29273500672417e-05	0.000306582699760435	0.000506056868140557
ccuenta_debitos_automaticos_delta1	9.24810754023416e-05	0.00214690624223727	0.000379542651105418
Visa_msaldodolares_avg6	9.21376701258588e-05	0.000329511300406584	0.000569313976658127
Visa_Fvencimiento_delta1	9.09146170248014e-05	0.00013309443736424	0.000347914096846633
mvr_mconsumototal_tend6	9.08924651533278e-05	0.000170358774783389	0.000379542651105418
mv_mconsumospesos_delta1	9.07602067302208e-05	0.000356984507945842	0.000600942530916912
mv_status05_tend6	9.07338819506392e-05	0.00103665585771518	0.000347914096846633
ccuenta_debitos_automaticos_avg6	9.06766225683596e-05	0.000551746824248392	0.000759085302210836
ctarjeta_visa_descuentos_avg6	9.06511465689167e-05	0.000896572875653902	0.000316285542587848
ctarjeta_debito_trx_tend6	8.96362466263456e-05	0.000207496555672685	0.000537685422399342
mcheques_depositados_avg6	8.88814822314978e-05	0.00148750241985926	0.000379542651105418
Master_mconsumospesos_tend6	8.43502943410931e-05	0.00020731328150069	0.000569313976658127
Master_msaldopesos_delta1	8.41133434800737e-05	0.000562601480462773	0.000442799759622988
Master_mpagospesos_delta1	8.18916704146617e-05	0.00022755456640088	0.000442799759622988
mv_mconsumosdolares_tend6	8.15902894711229e-05	0.000219348285461733	0.000379542651105418
mvr_mconsumospesos	8.11542083634576e-05	0.000184714969412387	0.000506056868140557
mv_msaldototal_delta1	8.08875251712304e-05	0.000365661742838893	0.000537685422399342
ctransferencias_emitidas	7.99154967168359e-05	0.000555039128177197	0.000790713856469621
mv_status01_delta1	7.88303356139707e-05	0.000194317745928448	0.000126514217035139
mv_cconsumos	7.78767076098772e-05	0.000244743398097741	0.000600942530916912
Master_Finiciomora_avg6	7.3267769884906e-05	0.00138683523622464	0.000221399879811494
ctarjeta_master_tend6	7.27606244512901e-05	6.09311139451142e-05	3.16285542587848e-05
Visa_delinquency_delta1	7.08104248870377e-05	2.06779543092176e-05	9.48856627763545e-05
ctarjeta_master_trx_avg6	6.99951009035956e-05	0.00025475039363056	0.000442799759622988
cpagomiscuentas_lag1	6.99125125661214e-05	0.000168525327620123	0.000474428313881773
mvr_mconsumosdolares	6.97309091775497e-05	0.000208534968225331	0.000474428313881773
matm_tend6	6.93318712416174e-05	0.000213740152234133	0.000442799759622988
mvr_msaldopesos_delta1	6.83277888742928e-05	0.000347369597804845	0.000442799759622988
Visa_mlimitecompra_delta1	6.71966933342042e-05	0.000181066839877906	0.000189771325552709
ctarjeta_debito_trx_lag1	6.61820723472802e-05	0.00023840160382751	0.000569313976658127
Master_cconsumos	6.58135958737801e-05	0.000143719260148151	0.000347914096846633
mv_status05_avg6	6.49187632176324e-05	0.000163379965204028	0.000189771325552709
catm_trx_other_avg6	6.48252456190316e-05	0.000349854310232108	0.000411171205364203
minversion1_pesos_avg6	6.44523530957864e-05	0.00168178362382424	0.000284656988329064
mvr_Master_mlimitecompra_tend6	6.40391634584792e-05	0.000129480310197312	0.000253028434070279
ctarjeta_visa_debitos_automaticos	6.36526859456361e-05	0.000151740573851357	0.000347914096846633
ccomisiones_mantenimiento_lag1	6.34034658665725e-05	0.000101646480037868	0.000284656988329064
mv_msaldopesos_lag1	6.27403877065679e-05	0.000195637912539197	0.000411171205364203
Visa_status_avg6	6.07123360386757e-05	6.08903393217834e-05	3.16285542587848e-05
catm_trx_tend6	5.98289988630405e-05	0.00024894558280807	0.000379542651105418
mextraccion_autoservicio_delta1	5.96771675253019e-05	0.000332393600683487	0.000442799759622988
mv_mfinanciacion_limite_delta1	5.96021361080378e-05	0.000241191632119437	0.000158142771293924
Visa_Finiciomora_tend6	5.94161940576283e-05	0.000159529514528177	6.32571085175697e-05
Master_mconsumototal_tend6	5.73081125438415e-05	0.00019649939990964	0.000379542651105418
Master_mconsumosdolares_tend6	5.69589915304263e-05	9.12018274753881e-05	0.000316285542587848
cextraccion_autoservicio_lag1	5.66816960353324e-05	0.000149333460188219	0.000442799759622988
Master_mconsumospesos_delta1	5.60994552315417e-05	0.0001778447981028	0.000253028434070279
mprestamos_prendarios_avg6	5.6096247611299e-05	0.00112509700334035	0.000189771325552709
mv_status07_delta1	5.55273352296366e-05	0.000144034170041834	6.32571085175697e-05
mv_mlimitecompra_delta1	5.53371466000364e-05	0.000416680672832083	0.000158142771293924
Visa_mpagado	5.40786311087155e-05	0.00056757725430709	0.000506056868140557
mvr_mconsumototal_lag1	5.39901615695581e-05	0.000241008781213428	0.000347914096846633
matm_lag1	5.27657421322741e-05	0.000344391498326413	0.000442799759622988
cforex_sell_tend6	5.26945365191369e-05	0.001085905676975	0.000284656988329064
Master_Fvencimiento_delta1	5.20549204487524e-05	8.22730314979125e-05	0.000253028434070279
cforex_tend6	5.1216750744486e-05	0.000221036411303094	0.000253028434070279
thomebanking_lag1	4.99631265860484e-05	6.59605014810086e-05	0.000221399879811494
ccuenta_debitos_automaticos_lag1	4.97861345887966e-05	0.00014443147571415	0.000316285542587848
mv_mconsumototal	4.86344068537385e-05	8.51602698779877e-05	0.000284656988329064
Master_mconsumototal_avg6	4.82231151325612e-05	0.000375615406857459	0.000316285542587848
Master_mpagominimo_delta1	4.7858959568023e-05	0.00015723710594728	0.000253028434070279
tpaquete9_avg6	4.74910447896696e-05	0.000528484266739184	0.000158142771293924
mv_mconsumosdolares_delta1	4.71110686871281e-05	0.000289704404208733	0.000284656988329064
mv_status01_tend6	4.67228733225301e-05	8.02144068300236e-05	9.48856627763545e-05
Master_mconsumototal	4.57990662463244e-05	0.000145926027911186	0.000221399879811494
ctarjeta_visa_avg6	4.55157665041915e-05	4.67285648690834e-05	0.000126514217035139
mv_mconsumosdolares_lag1	4.46790866318512e-05	0.000143750017476476	0.000347914096846633
mv_mpagado	4.31586749475318e-05	0.00116789187522298	0.000664199639434481
mcaja_ahorro_adicional_avg6	4.29486311745789e-05	0.00122138239639786	0.000189771325552709
Master_mconsumospesos	4.26172161924253e-05	0.000185143878945001	0.000474428313881773
mvr_mconsumototal_delta1	4.23125858690641e-05	0.000203663599990927	0.000253028434070279
mtarjeta_master_consumo_avg6	4.20123933561958e-05	8.03676291170037e-05	0.000221399879811494
ctarjeta_master_descuentos_avg6	4.09483560840947e-05	0.000994010963080311	0.000158142771293924
mv_mpagado_tend6	4.0845513293787e-05	0.00018415343653745	0.000221399879811494
mv_mconsumototal_delta1	4.07332985111736e-05	0.000124409019328791	0.000221399879811494
ctarjeta_master_trx	4.01961484374586e-05	9.16551453465366e-05	0.000158142771293924
Master_mconsumospesos_lag1	4.00483381665596e-05	0.00014910094607317	0.000284656988329064
mplazo_fijo_dolares_lag1	3.99019526464594e-05	0.000351460886826807	0.000126514217035139
mtarjeta_master_consumo_tend6	3.98652545607833e-05	0.000227799637406851	0.000253028434070279
matm_other_tend6	3.95723816714902e-05	0.000114505582873913	0.000221399879811494
ccajas_otras	3.95339412055361e-05	0.000579759978097295	9.48856627763545e-05
Master_mconsumototal_lag1	3.8840223615418e-05	0.000354519406842604	0.000347914096846633
mv_mconsumototal_lag1	3.85289535448188e-05	5.80657443076559e-05	0.000253028434070279
mvr_mconsumototal	3.80596303877556e-05	8.7360265385245e-05	0.000379542651105418
cseguro_accidentes_personales_avg6	3.74505628165158e-05	8.44304182292324e-05	0.000158142771293924
mextraccion_autoservicio	3.72144781202135e-05	0.000150476842705426	0.000347914096846633
mautoservicio_delta1	3.63543826554106e-05	0.00011351711570763	0.000347914096846633
ctransferencias_recibidas_delta1	3.61728521503717e-05	0.000175524877232805	0.000189771325552709
ccajas_extracciones_tend6	3.59893177240217e-05	0.00015693207225994	0.000158142771293924
mvr_mpagado_tend6	3.55665623267996e-05	0.000291626031785777	0.000284656988329064
mvr_mconsumosdolares_lag1	3.49808065624674e-05	0.000133633819319235	0.000347914096846633
mttarjeta_master_debitos_automaticos_avg6	3.4136766762205e-05	0.000124851896638948	0.000158142771293924
ctarjeta_debito_trx_delta1	3.37706690260668e-05	0.00038836728231035	0.000347914096846633
Master_mconsumosdolares_avg6	3.32539378831118e-05	0.000143384880019105	0.000284656988329064
active_quarter_tend6	3.25361379892311e-05	0.000566728747093556	0.000158142771293924
mv_status07_avg6	3.24406385069228e-05	4.41181424439391e-05	9.48856627763545e-05
mv_mpagosdolares_avg6	3.240520444567e-05	8.42014313307344e-05	0.000126514217035139
Master_cconsumos_delta1	3.2371378961215e-05	5.30166043590753e-05	0.000158142771293924
ccheques_emitidos_avg6	3.21826539661364e-05	0.000399933871913406	9.48856627763545e-05
Master_mpagado_tend6	3.19884168392384e-05	0.000126551732839258	0.000126514217035139
Master_mconsumosdolares_delta1	3.19231756460127e-05	8.44043168267542e-05	0.000189771325552709
tcuentas_tend6	3.13784923254779e-05	0.000413506319024747	0.000126514217035139
mvr_mpagosdolares_avg6	3.11427605915069e-05	0.000172204355571591	0.000189771325552709
catm_trx_lag1	3.10741316973839e-05	0.000207644275501846	0.000284656988329064
cinversion1	3.08190525659598e-05	0.000857232559661432	0.000126514217035139
minversion1_pesos	3.01586129324618e-05	0.000428679558095643	6.32571085175697e-05
mvr_msaldodolares_tend6	3.01197823934753e-05	0.000340974613109024	0.000284656988329064
Visa_msaldodolares_tend6	2.99009734571299e-05	0.000133641861372972	0.000189771325552709
mforex_sell_lag1	2.98004377934505e-05	5.07349185164943e-05	9.48856627763545e-05
mvr_mpagado	2.94734817378016e-05	0.000264080727940213	0.000189771325552709
Visa_mpagosdolares_tend6	2.90652545638881e-05	0.000228444694769718	0.000253028434070279
matm_delta1	2.88581579035671e-05	0.000290528644172396	0.000221399879811494
tcallcenter_lag1	2.81478861974294e-05	0.000194940934548698	0.000221399879811494
Master_status_delta1	2.77062305745307e-05	2.99531229520121e-05	6.32571085175697e-05
mvr_mconsumosdolares_delta1	2.74514572510624e-05	0.000322103863471932	0.000316285542587848
Master_msaldototal_delta1	2.61428618157824e-05	6.55550126662932e-05	0.000189771325552709
Visa_mpagado_lag1	2.45378379615056e-05	7.3860337846195e-05	9.48856627763545e-05
mv_status03_tend6	2.42676503756197e-05	0.000272534196215262	6.32571085175697e-05
matm_other_lag1	2.30728921625595e-05	9.89255851903431e-05	0.000126514217035139
mvr_msaldodolares2_lag1	2.22240480047102e-05	0.000113368126080511	0.000126514217035139
Master_cconsumos_lag1	2.1854342539898e-05	6.13653848468867e-05	0.000158142771293924
mttarjeta_master_debitos_automaticos_lag1	2.15205879262816e-05	9.30467028202798e-05	9.48856627763545e-05
Visa_msaldodolares_lag1	2.0763251994939e-05	0.000198701935012814	9.48856627763545e-05
mforex_buy_tend6	2.0643231227748e-05	2.33115152749371e-05	9.48856627763545e-05
cseguro_accidentes_personales_lag1	2.0527829281879e-05	8.56007486808901e-05	9.48856627763545e-05
ctarjeta_master_trx_lag1	2.0458717856232e-05	7.75483954720338e-05	0.000126514217035139
mvr_msaldodolares2_delta1	2.02036017072058e-05	0.000520931649571289	9.48856627763545e-05
matm	2.00052018910865e-05	0.000118848997334948	0.000284656988329064
catm_trx_other_tend6	1.99480817147483e-05	7.43216977710799e-05	9.48856627763545e-05
Master_mconsumototal_delta1	1.98890680354993e-05	5.56604647971241e-05	0.000126514217035139
Master_status_tend6	1.92838559277073e-05	3.54904296712661e-05	9.48856627763545e-05
mv_mpagado_delta1	1.92815975781381e-05	0.000185950200648585	0.000221399879811494
Master_mpagosdolares_avg6	1.92791349510999e-05	4.57626718887279e-05	0.000126514217035139
mvr_mpagosdolares_tend6	1.9278026458809e-05	0.000310531065967745	9.48856627763545e-05
mvr_mpagosdolares	1.89182319738417e-05	0.000137204350089591	0.000126514217035139
mvr_msaldodolares_lag1	1.81841896461088e-05	0.000130750390333035	0.000158142771293924
Master_delinquency	1.79774366388937e-05	4.85218017636669e-05	3.16285542587848e-05
Visa_madelantopesos	1.76831879289574e-05	0.000100648136665242	3.16285542587848e-05
Master_mpagosdolares_tend6	1.76145095426358e-05	5.17875810240071e-05	0.000126514217035139
Visa_mpagado_delta1	1.67725724094723e-05	0.000140971981720823	0.000126514217035139
ccajas_trx	1.66379743950283e-05	7.20721801434451e-05	9.48856627763545e-05
cseguro_vida_avg6	1.64326919958059e-05	0.000120480969888814	9.48856627763545e-05
mforex_sell	1.58778568458518e-05	5.54685842167438e-05	6.32571085175697e-05
Master_mconsumosdolares_lag1	1.54150582759516e-05	5.2461843739917e-05	0.000158142771293924
mv_mconsumosdolares	1.4555639996448e-05	5.99096320319133e-05	0.000158142771293924
Master_msaldodolares_avg6	1.43312729717833e-05	4.91517626396948e-05	6.32571085175697e-05
mtarjeta_master_consumo_delta1	1.415273851882e-05	0.00010329538323118	0.000126514217035139
active_quarter	1.40172344330882e-05	3.07667812660218e-05	6.32571085175697e-05
cforex_buy_avg6	1.34303974055533e-05	0.000235688327767736	6.32571085175697e-05
active_quarter_avg6	1.32941952720367e-05	2.76546475586479e-05	6.32571085175697e-05
ccajas_depositos_tend6	1.31734329335523e-05	8.07156948462671e-05	6.32571085175697e-05
ccajas_otras_avg6	1.30215696193584e-05	4.6908594001852e-05	6.32571085175697e-05
mv_status01_avg6	1.28691588435335e-05	0.000108284842675716	6.32571085175697e-05
minversion1_pesos_lag1	1.22170217013544e-05	0.000196858188377218	3.16285542587848e-05
ccajas_depositos_lag1	1.19763574977778e-05	0.000132196690207652	3.16285542587848e-05
Master_mconsumosdolares	1.19525326842863e-05	3.87832979547188e-05	0.000158142771293924
catm_trx_delta1	1.18706766150012e-05	3.83146014194075e-05	6.32571085175697e-05
mprestamos_prendarios_delta1	1.16358190620656e-05	1.04027492298528e-05	6.32571085175697e-05
ctarjeta_master_debitos_automaticos_avg6	1.09720042684709e-05	3.17181421141867e-05	6.32571085175697e-05
Visa_cadelantosefectivo_tend6	1.02118030376391e-05	7.20088313341872e-06	3.16285542587848e-05
tpaquete9_lag1	1.01557956472346e-05	9.51006715623213e-05	3.16285542587848e-05
Visa_status_tend6	9.95675688814106e-06	6.37918276567252e-06	3.16285542587848e-05
mvr_msaldodolares2_tend6	9.93495673560786e-06	7.83715067264005e-05	0.000126514217035139
mv_status03_delta1	9.76300313755568e-06	9.35440403539861e-05	3.16285542587848e-05
cseguro_accidentes_personales	9.61193974230719e-06	2.04611010356554e-05	3.16285542587848e-05
mv_status06_delta1	9.41912379120053e-06	9.62855341461696e-05	3.16285542587848e-05
mv_mpagosdolares_delta1	9.39015228411153e-06	4.89615751232591e-05	3.16285542587848e-05
matm_other_delta1	9.23238552374379e-06	4.16074697028602e-05	6.32571085175697e-05
mv_mpagosdolares_tend6	9.16411983561731e-06	9.65186126158668e-05	6.32571085175697e-05
ccajas_depositos	8.97182804238948e-06	1.27095488542777e-05	3.16285542587848e-05
mtarjeta_visa_descuentos_avg6	8.60561663977288e-06	1.64237078825948e-05	3.16285542587848e-05
ccajas_extracciones_lag1	8.60500368047504e-06	4.61347226905388e-05	3.16285542587848e-05
ctarjeta_master_debitos_automaticos_lag1	8.42188848994949e-06	7.55298399841656e-05	6.32571085175697e-05
mv_status02_tend6	8.39907734754378e-06	6.26571926365646e-05	6.32571085175697e-05
mforex_sell_delta1	8.35128610966248e-06	0.000144295889509926	6.32571085175697e-05
mttarjeta_master_debitos_automaticos_tend6	8.30722992494547e-06	7.45680385750093e-05	6.32571085175697e-05
cseguro_vivienda_lag1	8.13587725915998e-06	4.60926782692496e-05	3.16285542587848e-05
ctarjeta_visa_debitos_automaticos_delta1	7.92852329761016e-06	0.000181794293019407	3.16285542587848e-05
Master_status_lag1	7.61986086390866e-06	0.000189179579034117	3.16285542587848e-05
mttarjeta_master_debitos_automaticos_delta1	7.57436346570435e-06	4.37239407221873e-05	3.16285542587848e-05
mvr_mpagosdolares_delta1	7.44022307427871e-06	0.000219337844900742	0.000126514217035139
cseguro_vivienda	7.38509533431239e-06	5.67619439817042e-05	3.16285542587848e-05
catm_trx_other_delta1	7.37421177590416e-06	0.000123681989453276	3.16285542587848e-05
matm_other	7.14186559948117e-06	6.85815055558062e-05	3.16285542587848e-05
ccajas_trx_lag1	7.09381873548765e-06	0.000200336306073935	0.000158142771293924
mvr_mpagado_lag1	6.59501036262957e-06	5.83415726419525e-05	6.32571085175697e-05
catm_trx	6.44442278542185e-06	5.12402981039371e-05	6.32571085175697e-05
ctarjeta_visa_descuentos_tend6	6.25048190967928e-06	2.91751600694996e-05	6.32571085175697e-05
Visa_mpagosdolares_delta1	5.93717389727001e-06	5.97200088701257e-06	3.16285542587848e-05
Master_cadelantosefectivo_lag1	5.62744372801742e-06	4.88293750469235e-06	3.16285542587848e-05
cseguro_vida_tend6	5.62679122295843e-06	0.000120177064910771	3.16285542587848e-05
Master_mpagosdolares_lag1	5.24176725406801e-06	1.10050567281201e-05	6.32571085175697e-05
Visa_mpagosdolares_lag1	5.21159942701734e-06	3.25662260617352e-05	6.32571085175697e-05
ccajas_consultas_lag1	5.16229030955328e-06	0.000134655019055112	0.000126514217035139
mcuenta_debitos_automaticos_delta1	4.4655061933706e-06	0.000135026928768261	0.000158142771293924
mvr_msaldodolares_delta1	4.17373766414524e-06	7.90580441559082e-05	3.16285542587848e-05
mv_status03	4.10589161458328e-06	6.36563825411626e-06	3.16285542587848e-05
catm_trx_other_lag1	4.0977727285841e-06	1.5851452269343e-05	6.32571085175697e-05
mv_status04_avg6	3.7604657464974e-06	5.92826340177882e-06	3.16285542587848e-05
Visa_msaldodolares_delta1	3.59855613180713e-06	4.60063320080785e-05	6.32571085175697e-05
Master_msaldodolares	3.43924011880021e-06	6.37678425841776e-06	3.16285542587848e-05
mvr_Visa_mlimitecompra_delta1	3.18264356361278e-06	4.20513346336517e-05	3.16285542587848e-05
mttarjeta_master_debitos_automaticos	3.07881510844917e-06	7.30740507326219e-06	3.16285542587848e-05
mvr_mpagado_delta1	2.92876265688997e-06	0.000138311613909315	0.000126514217035139
Master_madelantopesos_avg6	2.69962934446623e-06	9.83910002498572e-06	6.32571085175697e-05
mv_Fvencimiento_delta1	2.62674721021994e-06	5.23989181966452e-06	3.16285542587848e-05
cpagomiscuentas_delta1	2.55695935785931e-06	8.19737824457164e-05	9.48856627763545e-05
Master_msaldodolares_tend6	2.29683307867378e-06	3.25580429193366e-05	6.32571085175697e-05
Master_mpagado_avg6	2.13774215872698e-06	1.45974562410929e-05	3.16285542587848e-05
mv_msaldodolares_delta1	1.95725574619242e-06	8.90917054458531e-05	6.32571085175697e-05
Master_cadelantosefectivo_tend6	1.95283483021981e-06	1.98462366464662e-05	3.16285542587848e-05
Master_madelantopesos	1.91799148377418e-06	5.27812684707853e-06	3.16285542587848e-05
Visa_msaldodolares	1.78217473660972e-06	7.03345321817071e-05	9.48856627763545e-05
mpagomiscuentas_delta1	1.60404416569676e-06	4.31542247048523e-05	9.48856627763545e-05
mvr_msaldodolares	1.59224951830125e-06	7.09616712844941e-05	6.32571085175697e-05
ccajas_extracciones	1.44042151282265e-06	4.500573121686e-05	3.16285542587848e-05
mv_msaldodolares	5.68899185030072e-07	2.06416945230722e-05	3.16285542587848e-05
mv_msaldodolares_tend6	4.07676015901391e-07	4.27862654742406e-05	3.16285542587848e-05
cforex_buy_tend6	4.02090971584896e-07	5.46724208968276e-05	3.16285542587848e-05
cextraccion_autoservicio_delta1	3.58439976444061e-07	2.02781090409839e-05	3.16285542587848e-05
ctarjeta_master_debitos_automaticos_tend6	2.762558079035e-07	4.27707457214157e-05	3.16285542587848e-05
mplazo_fijo_pesos_avg6	1.84199907361894e-07	2.68164398174425e-05	3.16285542587848e-05
mcajeros_propios_descuentos_avg6	7.89142077266808e-08	8.23741920685982e-05	9.48856627763545e-05
Master_mpagado_delta1	7.24561761127612e-08	2.55153201760696e-05	3.16285542587848e-05
ctarjeta_master_trx_delta1	4.35009662026734e-08	1.16629531592328e-05	3.16285542587848e-05
Master_madelantodolares_avg6	3.55876155455283e-08	4.95715014092767e-06	3.16285542587848e-05
mv_mpagado_lag1	1.19634933962899e-08	3.08364790650717e-05	3.16285542587848e-05
mvr_Master_mlimitecompra_delta1	9.84457495694265e-09	5.35386324086393e-05	6.32571085175697e-05
